Parameter D0_radius 2 5 0 0 0 0 0 0 0 0 0 0 0 0 0 0 0 0 0 0 0 0 0 0 0 0 0 0 0 0 0 0 0 0 0 0 0 0 0 0 0 0 0 0 0 0 0 0 0 0 0 0 0 0 0 0 0 0 0 0 0 0 0 0 0 0 0 0 0 0 0 0 0 0 0 0 0 0 0 0 0 0 0 0 0 0 0 0 0 0 0 0 0 0 0 0 0 0 0 0 0 0 0 0 0 0 0 0 0 0 0 0 0 0 0 0 0 0 0 0 0 0 0 0 0 0 0 0 0 0 0 0 0 0 0 0 0 0 0 0 0 0 0 0 0 0 0 0 0 0 0 0 0 0 0 0 0 0 0 0 0 0 0 0 0 0 0 0 
Parameter D0{K(0)*(1430)+[GLASS]{K0S0,pi+},pi-}_Re 0 -0.706646 0.025773 0 0.000664245 -0.00185929 7.45773e-05 0.000173436 -0.00134086 -0.000657048 0.000517232 -0.000295221 -0.000301834 -0.0011318 -0.00367706 -0.000993632 0.000459368 0.00682588 2.21998e-05 5.02688e-05 -0.000103269 -0.00289725 0 0 0 0 0 0 0.000162036 0.000216468 -0.000178905 -5.80317e-05 0 0 -0.00149881 0.000460478 0 0 0 0 0 -3.87437e-16 -2.51917e-15 -7.78565e-16 -9.85894e-17 -2.61221e-15 -1.33213e-14 -9.62106e-16 6.90634e-16 2.70537e-15 -1.15502e-15 -4.64599e-15 8.96463e-16 8.91845e-16 -1.38309e-14 -5.2425e-16 3.56367e-15 1.77125e-15 -7.86789e-16 0 0 0 0 0 0 7.20493e-15 3.72976e-16 1.06634e-15 1.28728e-14 0 0 1.66319e-14 -2.16226e-15 0 0 0 0 0 0 0 0 0 0 0 0 0 0 0 0 0 0 0 0 0 0 0 0 0 0 0 0 0 0 0 0 0 0 0 0 0 0 0 0 0 0 0 0 0 0 0 0 0 0 0.000177084 0.00101603 -0.000351407 0.000713477 -0.010952 0.000812114 -0.00174929 0.00297333 0.000297628 -0.000820096 0.00104696 0.00144909 -0.00498256 -0.0034403 0.00189232 -0.00195076 0 0 0 0 0 0 0 0 0 0 0 0 0 0 0 0 0 0 0 0 0 0 0 0 0 0 0 0 0 
Parameter D0{K(0)*(1430)+[GLASS]{K0S0,pi+},pi-}_Im 0 2.5576 0.139183 0 -0.00185929 0.0193719 -0.000448508 -0.00140406 0.0138185 -0.00274412 -0.00509862 0.00273336 -0.000801166 0.0204351 0.0225016 0.0114885 0.0283384 -0.0458208 -0.000105348 -0.000815778 0.00092375 0.0294777 0 0 0 0 0 0 -0.00453863 -0.000334184 0.00155866 5.99306e-06 0 0 0.0110655 -0.00568339 0 0 0 0 0 -6.17471e-14 -4.98015e-14 -3.13606e-15 -2.52873e-14 -7.58841e-14 1.00339e-13 -9.68947e-15 2.57154e-14 9.60463e-14 -2.33284e-14 -9.97305e-14 3.61798e-14 4.26857e-15 8.37798e-14 3.66246e-14 3.44516e-14 1.34173e-14 -2.71032e-14 0 0 0 0 0 0 9.81118e-14 -3.62273e-14 1.64877e-14 -1.20956e-13 0 0 -3.17713e-14 -2.88651e-14 0 0 0 0 0 0 0 0 0 0 0 0 0 0 0 0 0 0 0 0 0 0 0 0 0 0 0 0 0 0 0 0 0 0 0 0 0 0 0 0 0 0 0 0 0 0 0 0 0 0 -0.00881581 0.00804942 -0.0100062 -0.00298171 0.0705137 -0.0345669 0.0241805 -0.00189466 0.00413375 -0.00918241 0.0123672 -0.0342595 0.0060583 0.0435794 0.00755276 -0.036322 0 0 0 0 0 0 0 0 0 0 0 0 0 0 0 0 0 0 0 0 0 0 0 0 0 0 0 0 0 
Parameter D0{K(0)*(1430)bar-[GLASS]{K0S0,pi-},pi+}_Re 0 -0.0609349 0.0188795 0 7.45773e-05 -0.000448508 0.000356436 1.1785e-05 -0.000304871 0.00010291 0.000141237 -0.000803801 -6.3306e-05 -0.000524995 -0.000494477 -0.000402521 -0.000491749 0.00165506 1.61542e-06 5.29417e-05 -6.15282e-06 -0.000689507 0 0 0 0 0 0 9.3782e-05 -1.76553e-05 -6.44749e-05 9.99293e-06 0 0 -0.000715472 0.000109289 0 0 0 0 0 1.68778e-15 1.23714e-15 1.22369e-16 1.02648e-15 1.99174e-15 -2.12112e-15 -8.19583e-17 -4.24694e-16 -2.73162e-15 3.53817e-16 2.51999e-15 -6.2652e-16 -2.63796e-16 -1.99337e-15 -4.14369e-16 -1.17732e-15 -3.01658e-16 8.96339e-16 0 0 0 0 0 0 -2.90855e-15 4.74118e-16 -1.27081e-16 2.59217e-15 0 0 9.89848e-17 1.27726e-15 0 0 0 0 0 0 0 0 0 0 0 0 0 0 0 0 0 0 0 0 0 0 0 0 0 0 0 0 0 0 0 0 0 0 0 0 0 0 0 0 0 0 0 0 0 0 0 0 0 0 0.000261828 -0.000178981 0.000295838 0.000127266 -0.00156721 0.00108586 -0.000739874 0.000220782 -0.000113401 0.000277792 -0.00025807 0.000649048 -0.000424816 -0.00159426 -0.000191246 0.000927089 0 0 0 0 0 0 0 0 0 0 0 0 0 0 0 0 0 0 0 0 0 0 0 0 0 0 0 0 0 
Parameter D0{K(0)*(1430)bar-[GLASS]{K0S0,pi-},pi+}_Im 0 -0.155061 0.0202506 0 0.000173436 -0.00140406 1.1785e-05 0.000410088 -0.000915562 7.55968e-05 0.0010981 -3.72884e-05 -0.000158604 -0.00133247 -0.00183341 -0.00100351 -0.00228447 0.00389989 -2.59705e-05 9.87072e-05 -9.29856e-05 -0.00224762 0 0 0 0 0 0 0.000290609 0.000104063 -0.000103765 1.45284e-05 0 0 -0.000457221 0.000174165 0 0 0 0 0 3.23419e-15 3.54107e-15 1.41023e-16 1.93407e-15 4.25526e-15 -8.09424e-15 4.2492e-16 -1.7899e-15 -6.54494e-15 7.94646e-16 6.02834e-15 -2.10684e-15 -3.07641e-16 -6.91543e-15 -2.51844e-15 -1.41349e-15 -1.63413e-17 2.20689e-15 0 0 0 0 0 0 -5.53005e-15 2.40473e-15 -2.74965e-16 9.19327e-15 0 0 3.38265e-15 2.41332e-15 0 0 0 0 0 0 0 0 0 0 0 0 0 0 0 0 0 0 0 0 0 0 0 0 0 0 0 0 0 0 0 0 0 0 0 0 0 0 0 0 0 0 0 0 0 0 0 0 0 0 0.000530026 -0.000274313 0.000519242 0.000375894 -0.00538816 0.00272537 -0.00193986 0.000597586 -0.000206399 0.000405705 -0.00052852 0.00182901 -0.00124383 -0.0035423 -7.90376e-05 0.00183238 0 0 0 0 0 0 0 0 0 0 0 0 0 0 0 0 0 0 0 0 0 0 0 0 0 0 0 0 0 
Parameter D0{K(2)*(1430)+{K0S0,pi+},pi-}_Re 0 1.65339 0.11197 0 -0.00134086 0.0138185 -0.000304871 -0.000915562 0.0125374 -0.003914 -0.00337579 0.00178909 -0.00121638 0.01191 0.0169162 0.00811534 0.0169159 -0.0355212 -9.79452e-05 -0.00056667 0.000404795 0.0205721 0 0 0 0 0 0 -0.00292921 -0.000235143 0.000944837 0.000129759 0 0 0.00832586 -0.00352449 0 0 0 0 0 -3.54138e-14 -2.97869e-14 -7.44273e-16 -1.37969e-14 -4.54932e-14 7.30268e-14 -7.121e-15 1.51627e-14 5.32981e-14 -1.52879e-14 -5.57637e-14 2.11911e-14 1.15791e-15 6.33973e-14 2.34299e-14 1.74084e-14 7.534e-15 -1.38782e-14 0 0 0 0 0 0 5.55481e-14 -2.18408e-14 1.12538e-14 -8.24509e-14 0 0 -3.60227e-14 -1.34839e-14 0 0 0 0 0 0 0 0 0 0 0 0 0 0 0 0 0 0 0 0 0 0 0 0 0 0 0 0 0 0 0 0 0 0 0 0 0 0 0 0 0 0 0 0 0 0 0 0 0 0 -0.0048512 0.00386177 -0.00540727 -0.00210366 0.0490412 -0.0197666 0.016487 -0.000509368 0.00214906 -0.00466075 0.00688007 -0.0236243 0.00352622 0.0301337 0.00347863 -0.019518 0 0 0 0 0 0 0 0 0 0 0 0 0 0 0 0 0 0 0 0 0 0 0 0 0 0 0 0 0 
Parameter D0{K(2)*(1430)+{K0S0,pi+},pi-}_Im 0 0.0180134 0.102477 0 -0.000657048 -0.00274412 0.00010291 7.55968e-05 -0.003914 0.0105015 0.000482793 -0.000663799 0.00169721 -0.00502099 -0.00376199 -0.00215238 -0.00724246 0.00738133 4.85732e-05 0.000185941 0.000917309 -0.00454297 0 0 0 0 0 0 -0.00108237 -0.0022439 6.67177e-05 0.000195452 0 0 -0.00143418 -0.0035427 0 0 0 0 0 6.06419e-15 9.24692e-15 1.18987e-15 4.94679e-15 1.01477e-14 -9.49156e-15 7.6543e-16 -3.66979e-15 -9.47937e-15 1.34106e-15 6.25359e-15 -3.43867e-15 -1.80844e-15 -8.56793e-15 9.19675e-16 -2.16862e-15 6.47688e-16 5.33527e-15 0 0 0 0 0 0 -1.39816e-14 2.33518e-15 -4.92284e-15 3.71411e-15 0 0 6.74367e-15 -8.47617e-16 0 0 0 0 0 0 0 0 0 0 0 0 0 0 0 0 0 0 0 0 0 0 0 0 0 0 0 0 0 0 0 0 0 0 0 0 0 0 0 0 0 0 0 0 0 0 0 0 0 0 -0.00031942 0.00100429 -0.000251584 -0.000685219 0.00605521 0.00604021 -0.00863675 1.80527e-06 -0.000117436 0.000421056 -6.35001e-05 -0.000764458 -0.00533882 -0.0253324 -0.000669313 0.000405123 0 0 0 0 0 0 0 0 0 0 0 0 0 0 0 0 0 0 0 0 0 0 0 0 0 0 0 0 0 
Parameter D0{K(2)*(1430)bar-{K0S0,pi-},pi+}_Re 0 -0.764043 0.0689787 0 0.000517232 -0.00509862 0.000141237 0.0010981 -0.00337579 0.000482793 0.00475806 -0.000407774 -0.00029793 -0.00553703 -0.00673407 -0.00404741 -0.00850718 0.0135829 -2.7644e-05 0.000244503 -0.000261435 -0.00803993 0 0 0 0 0 0 0.000428506 0.000451284 -0.000458391 3.91104e-05 0 0 -0.0016918 0.00109839 0 0 0 0 0 1.55381e-14 1.47485e-14 1.1119e-15 8.56935e-15 2.17775e-14 -2.98664e-14 2.18807e-15 -7.95776e-15 -3.03238e-14 4.53712e-15 2.95174e-14 -1.08155e-14 -1.47385e-15 -2.42352e-14 -1.15906e-14 -8.45129e-15 -2.26873e-15 9.07446e-15 0 0 0 0 0 0 -2.73174e-14 1.12791e-14 -1.14597e-15 3.60448e-14 0 0 7.48059e-15 1.14488e-14 0 0 0 0 0 0 0 0 0 0 0 0 0 0 0 0 0 0 0 0 0 0 0 0 0 0 0 0 0 0 0 0 0 0 0 0 0 0 0 0 0 0 0 0 0 0 0 0 0 0 0.00257527 -0.00231343 0.00247241 0.000796981 -0.020967 0.00479497 -0.00593724 0.00182812 -0.00113033 0.00242779 -0.00346648 0.0105593 -0.00687676 -0.00954149 -0.00182456 0.0101118 0 0 0 0 0 0 0 0 0 0 0 0 0 0 0 0 0 0 0 0 0 0 0 0 0 0 0 0 0 
Parameter D0{K(2)*(1430)bar-{K0S0,pi-},pi+}_Im 0 0.341916 0.0586565 0 -0.000295221 0.00273336 -0.000803801 -3.72884e-05 0.00178909 -0.000663799 -0.000407774 0.00344058 0.000178375 0.0030104 0.00356402 0.0018479 0.00449016 -0.00752994 -5.62946e-05 -0.000176607 0.00019828 0.00424199 0 0 0 0 0 0 -0.000572167 0.000232677 0.000297325 9.01293e-06 0 0 0.00139391 -0.00130924 0 0 0 0 0 -1.53029e-14 -1.10264e-14 -1.08448e-15 -6.29893e-15 -1.91065e-14 1.27178e-14 -2.16484e-15 5.34659e-15 2.435e-14 -5.06073e-15 -2.58126e-14 8.59884e-15 1.67702e-15 9.54073e-15 7.21571e-15 1.09726e-14 3.59052e-15 -6.08805e-15 0 0 0 0 0 0 2.6226e-14 -7.47406e-15 2.91117e-15 -1.8701e-14 0 0 5.88874e-15 -9.7927e-15 0 0 0 0 0 0 0 0 0 0 0 0 0 0 0 0 0 0 0 0 0 0 0 0 0 0 0 0 0 0 0 0 0 0 0 0 0 0 0 0 0 0 0 0 0 0 0 0 0 0 -0.00199109 0.00271011 -0.00246088 0.000173836 0.00825758 -0.00385503 0.00329929 0.000408979 0.00117461 -0.00274036 0.00373897 -0.00777755 0.00180695 0.00570016 0.00307358 -0.0098218 0 0 0 0 0 0 0 0 0 0 0 0 0 0 0 0 0 0 0 0 0 0 0 0 0 0 0 0 0 
Parameter D0{K*(1410)+{K0S0,pi+},pi-}_Re 0 -0.405387 0.0803582 0 -0.000301834 -0.000801166 -6.3306e-05 -0.000158604 -0.00121638 0.00169721 -0.00029793 0.000178375 0.00645744 0.000758472 0.000668518 -0.000595427 -0.00702918 -0.00170543 0.000142399 0.000200525 5.60146e-05 -0.00118279 0 0 0 0 0 0 0.000443541 -0.000643263 -2.34233e-05 2.73966e-05 0 0 0.00352199 0.00384177 0 0 0 0 0 -1.09338e-14 -2.067e-14 -3.57638e-16 -5.78492e-15 -1.96082e-14 3.43909e-15 -3.6462e-15 6.5491e-15 3.07775e-14 -8.1587e-15 -3.46701e-14 1.10513e-14 8.42838e-16 -3.33724e-15 1.39718e-14 1.38665e-14 3.82885e-15 -8.21357e-15 0 0 0 0 0 0 3.15261e-14 -1.02032e-14 1.8741e-15 -1.52751e-14 0 0 1.96321e-14 -1.1753e-14 0 0 0 0 0 0 0 0 0 0 0 0 0 0 0 0 0 0 0 0 0 0 0 0 0 0 0 0 0 0 0 0 0 0 0 0 0 0 0 0 0 0 0 0 0 0 0 0 0 0 -0.00149769 0.0041632 -0.0018098 0.00126314 -0.0041692 0.00804548 -0.00151318 0.0040109 0.00130594 -0.00299153 0.00507869 -0.00942707 0.000902321 -0.00801834 0.00463672 -0.0111532 0 0 0 0 0 0 0 0 0 0 0 0 0 0 0 0 0 0 0 0 0 0 0 0 0 0 0 0 0 
Parameter D0{K*(1410)+{K0S0,pi+},pi-}_Im 0 2.53365 0.233361 0 -0.0011318 0.0204351 -0.000524995 -0.00133247 0.01191 -0.00502099 -0.00553703 0.0030104 0.000758472 0.0544572 0.0223658 0.00834884 0.0362201 -0.048433 -0.000155732 -0.00116972 0.000149909 0.0297303 0 0 0 0 0 0 -0.00537524 0.0022082 0.00162013 -0.000647249 0 0 0.00927072 0.00482583 0 0 0 0 0 -7.43129e-14 -7.56738e-14 -4.89705e-15 -3.26264e-14 -1.056e-13 1.10237e-13 -1.7462e-14 3.70927e-14 1.36886e-13 -3.28341e-14 -1.40341e-13 5.13143e-14 7.57404e-15 9.01786e-14 4.99084e-14 5.30232e-14 1.64157e-14 -3.83513e-14 0 0 0 0 0 0 1.42112e-13 -4.67394e-14 1.50887e-14 -1.43309e-13 0 0 -9.3739e-15 -4.41203e-14 0 0 0 0 0 0 0 0 0 0 0 0 0 0 0 0 0 0 0 0 0 0 0 0 0 0 0 0 0 0 0 0 0 0 0 0 0 0 0 0 0 0 0 0 0 0 0 0 0 0 -0.0128461 0.0126554 -0.0169956 -0.00116788 0.0945414 -0.0715318 0.0280178 -0.000878846 0.0059274 -0.0145053 0.0164057 -0.0296909 -0.00219199 0.0703807 0.0138643 -0.0504247 0 0 0 0 0 0 0 0 0 0 0 0 0 0 0 0 0 0 0 0 0 0 0 0 0 0 0 0 0 
Parameter D0{K*(1410)bar-{K0S0,pi-},pi+}_Re 0 2.85616 0.220324 0 -0.00367706 0.0225016 -0.000494477 -0.00183341 0.0169162 -0.00376199 -0.00673407 0.00356402 0.000668518 0.0223658 0.0485426 0.0133171 0.0110906 -0.0755858 -0.000459268 -0.000840721 0.000312562 0.0350939 0 0 0 0 0 0 -0.00387876 -0.000912432 0.00186426 0.000357779 0 0 0.0126063 0.00463627 0 0 0 0 0 -6.68032e-14 -6.90435e-14 -8.17879e-16 -2.67525e-14 -8.80901e-14 1.41834e-13 -1.66773e-14 2.76193e-14 1.19051e-13 -2.36627e-14 -1.28446e-13 4.59322e-14 4.24816e-15 1.19147e-13 5.56292e-14 3.75994e-14 6.21223e-15 -2.718e-14 0 0 0 0 0 0 1.16365e-13 -5.16579e-14 1.36954e-14 -1.68282e-13 0 0 -6.06533e-14 -3.96261e-14 0 0 0 0 0 0 0 0 0 0 0 0 0 0 0 0 0 0 0 0 0 0 0 0 0 0 0 0 0 0 0 0 0 0 0 0 0 0 0 0 0 0 0 0 0 0 0 0 0 0 -0.00883345 0.0100035 -0.00960908 -0.00043906 0.0770376 -0.0150862 0.0267986 0.000916408 0.00451004 -0.0095769 0.0168256 -0.057824 0.0172626 0.0373497 0.00919708 -0.0409033 0 0 0 0 0 0 0 0 0 0 0 0 0 0 0 0 0 0 0 0 0 0 0 0 0 0 0 0 0 
Parameter D0{K*(1410)bar-{K0S0,pi-},pi+}_Im 0 1.67818 0.147034 0 -0.000993632 0.0114885 -0.000402521 -0.00100351 0.00811534 -0.00215238 -0.00404741 0.0018479 -0.000595427 0.00834884 0.0133171 0.021619 0.0218087 -0.0425521 -0.00017436 -0.000116771 0.000442191 0.0185321 0 0 0 0 0 0 -0.00146144 -0.000108499 0.000621531 6.11551e-05 0 0 0.0094334 -0.00592265 0 0 0 0 0 -2.85693e-14 -2.03811e-14 8.79524e-17 -1.1751e-14 -2.93113e-14 6.06949e-14 -1.97654e-15 1.13115e-14 4.17779e-14 -1.11188e-14 -4.03e-14 1.58518e-14 -1.41984e-16 5.29946e-14 1.90897e-14 1.0611e-14 5.97534e-15 -1.19423e-14 0 0 0 0 0 0 3.68116e-14 -1.68881e-14 8.24802e-15 -6.98425e-14 0 0 -3.27436e-14 -9.82958e-15 0 0 0 0 0 0 0 0 0 0 0 0 0 0 0 0 0 0 0 0 0 0 0 0 0 0 0 0 0 0 0 0 0 0 0 0 0 0 0 0 0 0 0 0 0 0 0 0 0 0 -0.00475384 0.00279982 -0.00381705 -0.00225636 0.046536 -0.014765 0.0145486 -0.00535261 0.0016897 -0.00341742 0.00471026 -0.0191887 0.0110973 0.0269062 0.00132911 -0.015736 0 0 0 0 0 0 0 0 0 0 0 0 0 0 0 0 0 0 0 0 0 0 0 0 0 0 0 0 0 
Parameter D0{K*(1680)bar-{K0S0,pi-},pi+}_Re 0 4.72186 0.307652 0 0.000459368 0.0283384 -0.000491749 -0.00228447 0.0169159 -0.00724246 -0.00850718 0.00449016 -0.00702918 0.0362201 0.0110906 0.0218087 0.0946498 -0.0408806 -0.000202646 -0.00111377 0.00241571 0.0438575 0 0 0 0 0 0 -0.00797227 0.00198592 0.00223832 -0.00096585 0 0 0.0061995 -0.0222442 0 0 0 0 0 -1.29347e-13 -7.51454e-14 -1.38092e-14 -5.07446e-14 -1.51614e-13 1.05683e-13 -1.20329e-14 5.24267e-14 1.84962e-13 -4.20296e-14 -1.83825e-13 7.03194e-14 1.39821e-14 8.08953e-14 4.65474e-14 7.86064e-14 3.55468e-14 -6.05003e-14 0 0 0 0 0 0 1.95911e-13 -5.97684e-14 3.34957e-14 -1.47663e-13 0 0 3.03602e-14 -5.58597e-14 0 0 0 0 0 0 0 0 0 0 0 0 0 0 0 0 0 0 0 0 0 0 0 0 0 0 0 0 0 0 0 0 0 0 0 0 0 0 0 0 0 0 0 0 0 0 0 0 0 0 -0.01767 0.0181618 -0.0205617 -0.00284551 0.0996545 -0.0872232 0.035473 -0.0100384 0.0090554 -0.0206276 0.0245333 -0.0396284 0.0137463 0.068943 0.0186848 -0.0748852 0 0 0 0 0 0 0 0 0 0 0 0 0 0 0 0 0 0 0 0 0 0 0 0 0 0 0 0 0 
Parameter D0{K*(1680)bar-{K0S0,pi-},pi+}_Im 0 -4.96685 0.428646 0 0.00682588 -0.0458208 0.00165506 0.00389989 -0.0355212 0.00738133 0.0135829 -0.00752994 -0.00170543 -0.048433 -0.0755858 -0.0425521 -0.0408806 0.183737 0.000147782 0.00128769 -0.00182579 -0.0707237 0 0 0 0 0 0 0.00939433 0.00142502 -0.00333228 -0.000884853 0 0 -0.0322402 -0.00785808 0 0 0 0 0 1.06919e-13 1.16763e-13 -2.82349e-15 4.49974e-14 1.34488e-13 -2.71176e-13 2.54e-14 -4.53918e-14 -1.88316e-13 4.78364e-14 1.99103e-13 -7.09452e-14 -1.40125e-15 -2.35879e-13 -9.37765e-14 -5.35154e-14 -1.40435e-14 4.29625e-14 0 0 0 0 0 0 -1.80643e-13 7.92608e-14 -3.0866e-14 3.12072e-13 0 0 1.42897e-13 5.49334e-14 0 0 0 0 0 0 0 0 0 0 0 0 0 0 0 0 0 0 0 0 0 0 0 0 0 0 0 0 0 0 0 0 0 0 0 0 0 0 0 0 0 0 0 0 0 0 0 0 0 0 0.0156005 -0.0135281 0.0170193 0.00510153 -0.156447 0.0427559 -0.0569485 -0.00161591 -0.00720756 0.015551 -0.0254886 0.0982285 -0.0159231 -0.0912315 -0.0123859 0.065631 0 0 0 0 0 0 0 0 0 0 0 0 0 0 0 0 0 0 0 0 0 0 0 0 0 0 0 0 0 
Parameter D0{K*(892)+{K0S0,pi+},pi-}_Re 0 0.0464496 0.022456 0 2.21998e-05 -0.000105348 1.61542e-06 -2.59705e-05 -9.79452e-05 4.85732e-05 -2.7644e-05 -5.62946e-05 0.000142399 -0.000155732 -0.000459268 -0.00017436 -0.000202646 0.000147782 0.000504271 2.47139e-05 -3.50577e-05 -0.000255107 0 0 0 0 0 0 4.327e-05 -0.00023379 8.46638e-06 1.46111e-06 0 0 -6.74215e-06 0.000260313 0 0 0 0 0 -6.60535e-16 7.16823e-16 -2.17204e-16 -3.07968e-16 -6.25914e-16 -9.26517e-16 4.26193e-16 -2.76569e-17 6.77626e-16 2.19944e-16 -7.93945e-16 1.81323e-16 2.79322e-16 -1.61216e-15 -1.01253e-16 3.17358e-16 4.51962e-16 -4.78066e-16 0 0 0 0 0 0 1.14106e-16 3.88923e-17 -1.18725e-16 5.65914e-16 0 0 1.97066e-15 -1.09049e-16 0 0 0 0 0 0 0 0 0 0 0 0 0 0 0 0 0 0 0 0 0 0 0 0 0 0 0 0 0 0 0 0 0 0 0 0 0 0 0 0 0 0 0 0 0 0 0 0 0 0 -7.52466e-05 0.000129932 0.000104698 8.87546e-05 -0.00104864 0.00269377 -0.000113333 -0.000444012 4.33536e-05 -0.000122963 0.000165126 -0.000514989 0.00161568 -0.00166479 0.000227275 -0.000432711 0 0 0 0 0 0 0 0 0 0 0 0 0 0 0 0 0 0 0 0 0 0 0 0 0 0 0 0 0 
Parameter D0{K*(892)+{K0S0,pi+},pi-}_Im 0 -0.139602 0.0225304 0 5.02688e-05 -0.000815778 5.29417e-05 9.87072e-05 -0.00056667 0.000185941 0.000244503 -0.000176607 0.000200525 -0.00116972 -0.000840721 -0.000116771 -0.00111377 0.00128769 2.47139e-05 0.000507618 -2.79324e-05 -0.00112048 0 0 0 0 0 0 0.000408042 -6.23568e-05 -8.96772e-05 2.55848e-05 0 0 -0.000660275 0.000100813 0 0 0 0 0 3.26048e-15 3.3798e-15 2.27511e-16 1.00353e-15 4.69518e-15 -4.33237e-15 1.51912e-15 -1.48365e-15 -6.13165e-15 2.0326e-15 6.43336e-15 -2.64317e-15 -2.70883e-16 -3.8721e-15 -2.33444e-15 -2.84005e-15 -4.6975e-16 1.16142e-15 0 0 0 0 0 0 -7.2862e-15 2.44986e-15 -6.03126e-16 5.5761e-15 0 0 -5.26087e-17 2.35385e-15 0 0 0 0 0 0 0 0 0 0 0 0 0 0 0 0 0 0 0 0 0 0 0 0 0 0 0 0 0 0 0 0 0 0 0 0 0 0 0 0 0 0 0 0 0 0 0 0 0 0 0.000498656 -0.000609921 0.000578071 -0.000152349 -0.00381616 0.00260703 -0.000728017 -0.000193452 -0.000255001 0.000606227 -0.000868297 0.00187383 -2.32741e-05 -0.0017055 -0.000643798 0.00216942 0 0 0 0 0 0 0 0 0 0 0 0 0 0 0 0 0 0 0 0 0 0 0 0 0 0 0 0 0 
Parameter D0{K*(892)bar-{K0S0,pi-},pi+}_Re 0 -0.529663 0.0289254 0 -0.000103269 0.00092375 -6.15282e-06 -9.29856e-05 0.000404795 0.000917309 -0.000261435 0.00019828 5.60146e-05 0.000149909 0.000312562 0.000442191 0.00241571 -0.00182579 -3.50577e-05 -2.79324e-05 0.000836678 0.00133946 0 0 0 0 0 0 -0.000988323 -0.000138757 6.76879e-05 -6.51815e-05 0 0 -0.000101123 -0.0024858 0 0 0 0 0 -1.40197e-14 -1.66e-14 -1.53314e-15 -4.94256e-15 -1.98844e-14 1.72289e-15 -4.44929e-15 6.95243e-15 2.74103e-14 -7.54579e-15 -3.33079e-14 1.02133e-14 1.72626e-15 -3.84027e-15 1.0076e-14 1.42358e-14 6.31216e-15 -6.11953e-15 0 0 0 0 0 0 3.29962e-14 -8.77081e-15 4.70977e-15 -9.93125e-15 0 0 2.0267e-14 -1.15549e-14 0 0 0 0 0 0 0 0 0 0 0 0 0 0 0 0 0 0 0 0 0 0 0 0 0 0 0 0 0 0 0 0 0 0 0 0 0 0 0 0 0 0 0 0 0 0 0 0 0 0 -0.00188667 0.00417677 -0.00300437 0.000289531 -0.00140827 -0.00382701 0.00116169 0.00491374 0.00158744 -0.00359938 0.00530658 -0.00793481 -0.0081148 -0.000778585 0.00498511 -0.0129902 0 0 0 0 0 0 0 0 0 0 0 0 0 0 0 0 0 0 0 0 0 0 0 0 0 0 0 0 0 
Parameter D0{K*(892)bar-{K0S0,pi-},pi+}_Im 0 4.12924 0.214313 0 -0.00289725 0.0294777 -0.000689507 -0.00224762 0.0205721 -0.00454297 -0.00803993 0.00424199 -0.00118279 0.0297303 0.0350939 0.0185321 0.0438575 -0.0707237 -0.000255107 -0.00112048 0.00133946 0.0459302 0 0 0 0 0 0 -0.00647183 -0.000430635 0.00242055 3.40655e-05 0 0 0.0172664 -0.009052 0 0 0 0 0 -9.12017e-14 -7.22539e-14 -4.60848e-15 -3.83146e-14 -1.08926e-13 1.5383e-13 -1.26765e-14 3.72131e-14 1.39423e-13 -3.2144e-14 -1.43298e-13 5.14942e-14 6.44303e-15 1.2962e-13 5.21081e-14 4.81809e-14 1.84446e-14 -4.0658e-14 0 0 0 0 0 0 1.40625e-13 -5.27019e-14 2.4892e-14 -1.81896e-13 0 0 -5.56439e-14 -4.16532e-14 0 0 0 0 0 0 0 0 0 0 0 0 0 0 0 0 0 0 0 0 0 0 0 0 0 0 0 0 0 0 0 0 0 0 0 0 0 0 0 0 0 0 0 0 0 0 0 0 0 0 -0.0128353 0.0107748 -0.0143706 -0.00512777 0.106122 -0.052696 0.038272 -0.00442901 0.00588187 -0.0129278 0.0171878 -0.0493613 0.0117756 0.0706404 0.00969998 -0.0517764 0 0 0 0 0 0 0 0 0 0 0 0 0 0 0 0 0 0 0 0 0 0 0 0 0 0 0 0 0 
Parameter D0{K+,K-}_Re 2 1 0 0 0 0 0 0 0 0 0 0 0 0 0 0 0 0 0 0 0 0 0 0 0 0 0 0 0 0 0 0 0 0 0 0 0 0 0 0 0 0 0 0 0 0 0 0 0 0 0 0 0 0 0 0 0 0 0 0 0 0 0 0 0 0 0 0 0 0 0 0 0 0 0 0 0 0 0 0 0 0 0 0 0 0 0 0 0 0 0 0 0 0 0 0 0 0 0 0 0 0 0 0 0 0 0 0 0 0 0 0 0 0 0 0 0 0 0 0 0 0 0 0 0 0 0 0 0 0 0 0 0 0 0 0 0 0 0 0 0 0 0 0 0 0 0 0 0 0 0 0 0 0 0 0 0 0 0 0 0 0 0 0 0 0 0 0 
Parameter D0{K+,K-}_Im 2 0 0 0 0 0 0 0 0 0 0 0 0 0 0 0 0 0 0 0 0 0 0 0 0 0 0 0 0 0 0 0 0 0 0 0 0 0 0 0 0 0 0 0 0 0 0 0 0 0 0 0 0 0 0 0 0 0 0 0 0 0 0 0 0 0 0 0 0 0 0 0 0 0 0 0 0 0 0 0 0 0 0 0 0 0 0 0 0 0 0 0 0 0 0 0 0 0 0 0 0 0 0 0 0 0 0 0 0 0 0 0 0 0 0 0 0 0 0 0 0 0 0 0 0 0 0 0 0 0 0 0 0 0 0 0 0 0 0 0 0 0 0 0 0 0 0 0 0 0 0 0 0 0 0 0 0 0 0 0 0 0 0 0 0 0 0 0 
Parameter D0{K-,pi+}_Re 2 1 0 0 0 0 0 0 0 0 0 0 0 0 0 0 0 0 0 0 0 0 0 0 0 0 0 0 0 0 0 0 0 0 0 0 0 0 0 0 0 0 0 0 0 0 0 0 0 0 0 0 0 0 0 0 0 0 0 0 0 0 0 0 0 0 0 0 0 0 0 0 0 0 0 0 0 0 0 0 0 0 0 0 0 0 0 0 0 0 0 0 0 0 0 0 0 0 0 0 0 0 0 0 0 0 0 0 0 0 0 0 0 0 0 0 0 0 0 0 0 0 0 0 0 0 0 0 0 0 0 0 0 0 0 0 0 0 0 0 0 0 0 0 0 0 0 0 0 0 0 0 0 0 0 0 0 0 0 0 0 0 0 0 0 0 0 0 
Parameter D0{K-,pi+}_Im 2 0 0 0 0 0 0 0 0 0 0 0 0 0 0 0 0 0 0 0 0 0 0 0 0 0 0 0 0 0 0 0 0 0 0 0 0 0 0 0 0 0 0 0 0 0 0 0 0 0 0 0 0 0 0 0 0 0 0 0 0 0 0 0 0 0 0 0 0 0 0 0 0 0 0 0 0 0 0 0 0 0 0 0 0 0 0 0 0 0 0 0 0 0 0 0 0 0 0 0 0 0 0 0 0 0 0 0 0 0 0 0 0 0 0 0 0 0 0 0 0 0 0 0 0 0 0 0 0 0 0 0 0 0 0 0 0 0 0 0 0 0 0 0 0 0 0 0 0 0 0 0 0 0 0 0 0 0 0 0 0 0 0 0 0 0 0 0 
Parameter D0{K0S0,PiPi00}_Re 2 1 0 0 0 0 0 0 0 0 0 0 0 0 0 0 0 0 0 0 0 0 0 0 0 0 0 0 0 0 0 0 0 0 0 0 0 0 0 0 0 0 0 0 0 0 0 0 0 0 0 0 0 0 0 0 0 0 0 0 0 0 0 0 0 0 0 0 0 0 0 0 0 0 0 0 0 0 0 0 0 0 0 0 0 0 0 0 0 0 0 0 0 0 0 0 0 0 0 0 0 0 0 0 0 0 0 0 0 0 0 0 0 0 0 0 0 0 0 0 0 0 0 0 0 0 0 0 0 0 0 0 0 0 0 0 0 0 0 0 0 0 0 0 0 0 0 0 0 0 0 0 0 0 0 0 0 0 0 0 0 0 0 0 0 0 0 0 
Parameter D0{K0S0,PiPi00}_Im 2 0 0 0 0 0 0 0 0 0 0 0 0 0 0 0 0 0 0 0 0 0 0 0 0 0 0 0 0 0 0 0 0 0 0 0 0 0 0 0 0 0 0 0 0 0 0 0 0 0 0 0 0 0 0 0 0 0 0 0 0 0 0 0 0 0 0 0 0 0 0 0 0 0 0 0 0 0 0 0 0 0 0 0 0 0 0 0 0 0 0 0 0 0 0 0 0 0 0 0 0 0 0 0 0 0 0 0 0 0 0 0 0 0 0 0 0 0 0 0 0 0 0 0 0 0 0 0 0 0 0 0 0 0 0 0 0 0 0 0 0 0 0 0 0 0 0 0 0 0 0 0 0 0 0 0 0 0 0 0 0 0 0 0 0 0 0 0 
Parameter D0{K0S0,f(2)(1270)0{pi+,pi-}}_Re 0 -0.643544 0.089655 0 0.000162036 -0.00453863 9.3782e-05 0.000290609 -0.00292921 -0.00108237 0.000428506 -0.000572167 0.000443541 -0.00537524 -0.00387876 -0.00146144 -0.00797227 0.00939433 4.327e-05 0.000408042 -0.000988323 -0.00647183 0 0 0 0 0 0 0.00803801 0.00103175 -0.000410888 0.000113011 0 0 -0.0020452 0.00284985 0 0 0 0 0 2.30523e-14 3.23164e-14 2.84526e-15 7.93061e-15 3.17594e-14 -1.92602e-14 9.8804e-15 -1.15598e-14 -4.58521e-14 1.46702e-14 5.94501e-14 -1.54268e-14 -3.47027e-15 -9.21724e-15 -1.92391e-14 -2.18105e-14 -8.42653e-15 9.15353e-15 0 0 0 0 0 0 -6.17606e-14 1.55617e-14 -1.11321e-14 2.73674e-14 0 0 -2.02553e-14 2.19402e-14 0 0 0 0 0 0 0 0 0 0 0 0 0 0 0 0 0 0 0 0 0 0 0 0 0 0 0 0 0 0 0 0 0 0 0 0 0 0 0 0 0 0 0 0 0 0 0 0 0 0 0.00352602 -0.00623205 0.00709836 0.000916275 -0.012674 0.035144 -0.00752237 -0.0085667 -0.00258527 0.00612772 -0.00782625 0.0071139 0.0247375 -0.000919296 -0.00719979 0.0204271 0 0 0 0 0 0 0 0 0 0 0 0 0 0 0 0 0 0 0 0 0 0 0 0 0 0 0 0 0 
Parameter D0{K0S0,f(2)(1270)0{pi+,pi-}}_Im 0 -0.113877 0.0813195 0 0.000216468 -0.000334184 -1.76553e-05 0.000104063 -0.000235143 -0.0022439 0.000451284 0.000232677 -0.000643263 0.0022082 -0.000912432 -0.000108499 0.00198592 0.00142502 -0.00023379 -6.23568e-05 -0.000138757 -0.000430635 0 0 0 0 0 0 0.00103175 0.00661286 -5.9167e-05 -0.000100738 0 0 -0.00130237 -3.4609e-05 0 0 0 0 0 1.90369e-16 -3.78071e-15 -1.09285e-15 -1.05008e-15 -2.74432e-16 -9.70317e-15 1.76395e-15 -2.34406e-16 -1.39072e-15 2.91881e-15 4.3084e-15 -2.41316e-15 2.32364e-15 -1.13596e-14 -8.11422e-15 -1.19788e-15 -2.02833e-15 -5.30973e-15 0 0 0 0 0 0 -9.37504e-16 2.88247e-15 3.77075e-15 1.54893e-14 0 0 4.65414e-15 5.67329e-15 0 0 0 0 0 0 0 0 0 0 0 0 0 0 0 0 0 0 0 0 0 0 0 0 0 0 0 0 0 0 0 0 0 0 0 0 0 0 0 0 0 0 0 0 0 0 0 0 0 0 0.00158819 -0.00254157 0.00115033 0.00277102 -0.027473 -0.00275312 0.00488032 -0.0074099 -0.000182835 0.000304677 -0.00123467 0.00987236 0.00253947 0.0207387 -0.000289814 0.00298936 0 0 0 0 0 0 0 0 0 0 0 0 0 0 0 0 0 0 0 0 0 0 0 0 0 0 0 0 0 
Parameter D0{K0S0,omega(782)0{pi+,pi-}}_Re 0 -0.178722 0.04353 0 -0.000178905 0.00155866 -6.44749e-05 -0.000103765 0.000944837 6.67177e-05 -0.000458391 0.000297325 -2.34233e-05 0.00162013 0.00186426 0.000621531 0.00223832 -0.00333228 8.46638e-06 -8.96772e-05 6.76879e-05 0.00242055 0 0 0 0 0 0 -0.000410888 -5.9167e-05 0.00189486 -5.81832e-05 0 0 0.000455469 -0.000816164 0 0 0 0 0 -3.72539e-15 -3.20633e-15 -3.58176e-16 -1.33604e-15 -4.08804e-15 8.0556e-15 -8.58877e-16 1.44295e-15 5.93654e-15 -1.19086e-15 -5.81384e-15 2.27982e-15 6.25076e-16 6.86108e-15 1.59971e-15 2.32879e-15 3.76455e-16 -1.89128e-15 0 0 0 0 0 0 5.95415e-15 -2.30783e-15 9.85967e-16 -8.71734e-15 0 0 -4.83458e-15 -1.74935e-15 0 0 0 0 0 0 0 0 0 0 0 0 0 0 0 0 0 0 0 0 0 0 0 0 0 0 0 0 0 0 0 0 0 0 0 0 0 0 0 0 0 0 0 0 0 0 0 0 0 0 -0.000578563 0.000259993 -0.000674451 -0.000385482 0.00611529 -0.00436489 0.00217925 -0.000409855 0.00021496 -0.000482232 0.000490355 -0.00154228 0.00044643 0.00478882 0.000158621 -0.00184962 0 0 0 0 0 0 0 0 0 0 0 0 0 0 0 0 0 0 0 0 0 0 0 0 0 0 0 0 0 
Parameter D0{K0S0,omega(782)0{pi+,pi-}}_Im 0 -0.0813136 0.0443718 0 -5.80317e-05 5.99306e-06 9.99293e-06 1.45284e-05 0.000129759 0.000195452 3.91104e-05 9.01293e-06 2.73966e-05 -0.000647249 0.000357779 6.11551e-05 -0.00096585 -0.000884853 1.46111e-06 2.55848e-05 -6.51815e-05 3.40655e-05 0 0 0 0 0 0 0.000113011 -0.000100738 -5.81832e-05 0.00196886 0 0 0.000634147 0.000397127 0 0 0 0 0 3.08385e-15 2.96581e-15 2.74467e-16 5.90663e-16 4.31684e-15 6.59978e-16 1.13863e-15 -1.39511e-15 -5.77424e-15 1.48925e-15 5.98848e-15 -2.45583e-15 -2.59477e-16 1.92967e-15 -2.09142e-15 -2.47008e-15 -1.1638e-15 1.29519e-15 0 0 0 0 0 0 -6.48387e-15 1.95683e-15 -4.83596e-16 8.8899e-16 0 0 -5.82049e-15 2.51087e-15 0 0 0 0 0 0 0 0 0 0 0 0 0 0 0 0 0 0 0 0 0 0 0 0 0 0 0 0 0 0 0 0 0 0 0 0 0 0 0 0 0 0 0 0 0 0 0 0 0 0 0.000442769 -0.000856409 0.000670527 -0.000170522 0.000188147 0.00177935 -6.84201e-06 -0.000710722 -0.000314539 0.000752369 -0.000949347 0.000831329 0.00122601 -0.000282749 -0.000996891 0.0025036 0 0 0 0 0 0 0 0 0 0 0 0 0 0 0 0 0 0 0 0 0 0 0 0 0 0 0 0 0 
Parameter D0{K0S0,pi0}_Re 2 1 0 0 0 0 0 0 0 0 0 0 0 0 0 0 0 0 0 0 0 0 0 0 0 0 0 0 0 0 0 0 0 0 0 0 0 0 0 0 0 0 0 0 0 0 0 0 0 0 0 0 0 0 0 0 0 0 0 0 0 0 0 0 0 0 0 0 0 0 0 0 0 0 0 0 0 0 0 0 0 0 0 0 0 0 0 0 0 0 0 0 0 0 0 0 0 0 0 0 0 0 0 0 0 0 0 0 0 0 0 0 0 0 0 0 0 0 0 0 0 0 0 0 0 0 0 0 0 0 0 0 0 0 0 0 0 0 0 0 0 0 0 0 0 0 0 0 0 0 0 0 0 0 0 0 0 0 0 0 0 0 0 0 0 0 0 0 
Parameter D0{K0S0,pi0}_Im 2 0 0 0 0 0 0 0 0 0 0 0 0 0 0 0 0 0 0 0 0 0 0 0 0 0 0 0 0 0 0 0 0 0 0 0 0 0 0 0 0 0 0 0 0 0 0 0 0 0 0 0 0 0 0 0 0 0 0 0 0 0 0 0 0 0 0 0 0 0 0 0 0 0 0 0 0 0 0 0 0 0 0 0 0 0 0 0 0 0 0 0 0 0 0 0 0 0 0 0 0 0 0 0 0 0 0 0 0 0 0 0 0 0 0 0 0 0 0 0 0 0 0 0 0 0 0 0 0 0 0 0 0 0 0 0 0 0 0 0 0 0 0 0 0 0 0 0 0 0 0 0 0 0 0 0 0 0 0 0 0 0 0 0 0 0 0 0 
Parameter D0{K0S0,rho(1450)0{pi+,pi-}}_Re 0 1.03907 0.139804 0 -0.00149881 0.0110655 -0.000715472 -0.000457221 0.00832586 -0.00143418 -0.0016918 0.00139391 0.00352199 0.00927072 0.0126063 0.0094334 0.0061995 -0.0322402 -6.74215e-06 -0.000660275 -0.000101123 0.0172664 0 0 0 0 0 0 -0.0020452 -0.00130237 0.000455469 0.000634147 0 0 0.0195451 0.000392278 0 0 0 0 0 -2.17954e-14 -2.28214e-14 1.042e-15 -1.07034e-14 -2.54131e-14 6.71734e-14 -2.89044e-15 7.8578e-15 3.3807e-14 -1.2542e-14 -3.36693e-14 1.15189e-14 -5.27552e-16 6.12028e-14 1.68163e-14 9.71004e-15 4.61984e-15 -1.03152e-14 0 0 0 0 0 0 3.33103e-14 -1.31489e-14 9.2576e-15 -7.43192e-14 0 0 -4.73185e-14 -5.5604e-15 0 0 0 0 0 0 0 0 0 0 0 0 0 0 0 0 0 0 0 0 0 0 0 0 0 0 0 0 0 0 0 0 0 0 0 0 0 0 0 0 0 0 0 0 0 0 0 0 0 0 -0.00352131 0.000998578 -0.00281618 -0.0032149 0.0471601 -0.00684702 0.0141106 -0.00246402 0.000990528 -0.0020028 0.00291194 -0.0180664 0.00671519 0.0254543 -0.000172403 -0.0105346 0 0 0 0 0 0 0 0 0 0 0 0 0 0 0 0 0 0 0 0 0 0 0 0 0 0 0 0 0 
Parameter D0{K0S0,rho(1450)0{pi+,pi-}}_Im 0 -1.31503 0.191551 0 0.000460478 -0.00568339 0.000109289 0.000174165 -0.00352449 -0.0035427 0.00109839 -0.00130924 0.00384177 0.00482583 0.00463627 -0.00592265 -0.0222442 -0.00785808 0.000260313 0.000100813 -0.0024858 -0.009052 0 0 0 0 0 0 0.00284985 -3.4609e-05 -0.000816164 0.000397127 0 0 0.000392278 0.0366919 0 0 0 0 0 3.86506e-14 1.54082e-14 5.00535e-15 1.26805e-14 3.80482e-14 -7.54391e-15 1.02598e-15 -1.59397e-14 -4.69908e-14 1.19123e-14 5.05736e-14 -1.78669e-14 -3.45141e-15 1.41726e-15 -9.15968e-15 -2.47069e-14 -1.69668e-14 1.58811e-14 0 0 0 0 0 0 -5.04149e-14 1.35556e-14 -1.23445e-14 1.96583e-14 0 0 -2.98162e-14 1.53619e-14 0 0 0 0 0 0 0 0 0 0 0 0 0 0 0 0 0 0 0 0 0 0 0 0 0 0 0 0 0 0 0 0 0 0 0 0 0 0 0 0 0 0 0 0 0 0 0 0 0 0 0.00552219 -0.006256 0.00684488 0.00272874 -0.017573 0.0335107 -0.00685065 0.00369805 -0.00305 0.00654204 -0.00707313 0.00462468 0.00392886 -0.0161691 -0.00542618 0.0249567 0 0 0 0 0 0 0 0 0 0 0 0 0 0 0 0 0 0 0 0 0 0 0 0 0 0 0 0 0 
Parameter D0{K0S0,rho(770)0{pi+,pi-}}_Re 2 1 0 0 0 0 0 0 0 0 0 0 0 0 0 0 0 0 0 0 0 0 0 0 0 0 0 0 0 0 0 0 0 0 0 0 0 0 0 0 0 0 0 0 0 0 0 0 0 0 0 0 0 0 0 0 0 0 0 0 0 0 0 0 0 0 0 0 0 0 0 0 0 0 0 0 0 0 0 0 0 0 0 0 0 0 0 0 0 0 0 0 0 0 0 0 0 0 0 0 0 0 0 0 0 0 0 0 0 0 0 0 0 0 0 0 0 0 0 0 0 0 0 0 0 0 0 0 0 0 0 0 0 0 0 0 0 0 0 0 0 0 0 0 0 0 0 0 0 0 0 0 0 0 0 0 0 0 0 0 0 0 0 0 0 0 0 0 
Parameter D0{K0S0,rho(770)0{pi+,pi-}}_Im 2 0 0 0 0 0 0 0 0 0 0 0 0 0 0 0 0 0 0 0 0 0 0 0 0 0 0 0 0 0 0 0 0 0 0 0 0 0 0 0 0 0 0 0 0 0 0 0 0 0 0 0 0 0 0 0 0 0 0 0 0 0 0 0 0 0 0 0 0 0 0 0 0 0 0 0 0 0 0 0 0 0 0 0 0 0 0 0 0 0 0 0 0 0 0 0 0 0 0 0 0 0 0 0 0 0 0 0 0 0 0 0 0 0 0 0 0 0 0 0 0 0 0 0 0 0 0 0 0 0 0 0 0 0 0 0 0 0 0 0 0 0 0 0 0 0 0 0 0 0 0 0 0 0 0 0 0 0 0 0 0 0 0 0 0 0 0 0 
Parameter D0{pi+,pi-}_Re 2 1 0 0 0 0 0 0 0 0 0 0 0 0 0 0 0 0 0 0 0 0 0 0 0 0 0 0 0 0 0 0 0 0 0 0 0 0 0 0 0 0 0 0 0 0 0 0 0 0 0 0 0 0 0 0 0 0 0 0 0 0 0 0 0 0 0 0 0 0 0 0 0 0 0 0 0 0 0 0 0 0 0 0 0 0 0 0 0 0 0 0 0 0 0 0 0 0 0 0 0 0 0 0 0 0 0 0 0 0 0 0 0 0 0 0 0 0 0 0 0 0 0 0 0 0 0 0 0 0 0 0 0 0 0 0 0 0 0 0 0 0 0 0 0 0 0 0 0 0 0 0 0 0 0 0 0 0 0 0 0 0 0 0 0 0 0 0 
Parameter D0{pi+,pi-}_Im 2 0 0 0 0 0 0 0 0 0 0 0 0 0 0 0 0 0 0 0 0 0 0 0 0 0 0 0 0 0 0 0 0 0 0 0 0 0 0 0 0 0 0 0 0 0 0 0 0 0 0 0 0 0 0 0 0 0 0 0 0 0 0 0 0 0 0 0 0 0 0 0 0 0 0 0 0 0 0 0 0 0 0 0 0 0 0 0 0 0 0 0 0 0 0 0 0 0 0 0 0 0 0 0 0 0 0 0 0 0 0 0 0 0 0 0 0 0 0 0 0 0 0 0 0 0 0 0 0 0 0 0 0 0 0 0 0 0 0 0 0 0 0 0 0 0 0 0 0 0 0 0 0 0 0 0 0 0 0 0 0 0 0 0 0 0 0 0 
Parameter Dbar0_radius 2 5 0 0 0 0 0 0 0 0 0 0 0 0 0 0 0 0 0 0 0 0 0 0 0 0 0 0 0 0 0 0 0 0 0 0 0 0 0 0 0 0 0 0 0 0 0 0 0 0 0 0 0 0 0 0 0 0 0 0 0 0 0 0 0 0 0 0 0 0 0 0 0 0 0 0 0 0 0 0 0 0 0 0 0 0 0 0 0 0 0 0 0 0 0 0 0 0 0 0 0 0 0 0 0 0 0 0 0 0 0 0 0 0 0 0 0 0 0 0 0 0 0 0 0 0 0 0 0 0 0 0 0 0 0 0 0 0 0 0 0 0 0 0 0 0 0 0 0 0 0 0 0 0 0 0 0 0 0 0 0 0 0 0 0 0 0 0 
Parameter Dbar0{K(0)*(1430)+[GLASS]{K0S0,pi+},pi-}_Re 0 0.0255993 1.41421 0 -3.87437e-16 -6.17471e-14 1.68778e-15 3.23419e-15 -3.54138e-14 6.06419e-15 1.55381e-14 -1.53029e-14 -1.09338e-14 -7.43129e-14 -6.68032e-14 -2.85693e-14 -1.29347e-13 1.06919e-13 -6.60535e-16 3.26048e-15 -1.40197e-14 -9.12017e-14 0 0 0 0 0 0 2.30523e-14 1.90369e-16 -3.72539e-15 3.08385e-15 0 0 -2.17954e-14 3.86506e-14 0 0 0 0 0 2 7.32125e-25 7.84832e-26 2.71104e-25 1.14303e-24 -2.92648e-25 2.12605e-25 -3.48342e-25 -1.45928e-24 3.80295e-25 1.71513e-24 -5.86873e-25 -9.20822e-26 2.09454e-26 -5.68954e-25 -7.10378e-25 -2.98671e-25 3.29977e-25 0 0 0 0 0 0 -1.66222e-24 5.22347e-25 -1.70904e-25 7.28983e-25 0 0 -8.90883e-25 5.89823e-25 0 0 0 0 0 0 0 0 0 0 0 0 0 0 0 0 0 0 0 0 0 0 0 0 0 0 0 0 0 0 0 0 0 0 0 0 0 0 0 0 0 0 0 0 0 0 0 0 0 0 1.12885e-13 -2.15149e-13 1.31052e-13 -4.73075e-14 -1.57384e-13 -1.51307e-13 -3.62993e-14 -1.52369e-13 -7.76702e-14 1.79643e-13 -2.75412e-13 5.43926e-13 6.91783e-14 1.64518e-13 -2.5173e-13 6.65474e-13 0 0 0 0 0 0 0 0 0 0 0 0 0 0 0 0 0 0 0 0 0 0 0 0 0 0 0 0 0 
Parameter Dbar0{K(0)*(1430)+[GLASS]{K0S0,pi+},pi-}_Im 0 -0.194327 1.41421 0 -2.51917e-15 -4.98015e-14 1.23714e-15 3.54107e-15 -2.97869e-14 9.24692e-15 1.47485e-14 -1.10264e-14 -2.067e-14 -7.56738e-14 -6.90435e-14 -2.03811e-14 -7.51454e-14 1.16763e-13 7.16823e-16 3.3798e-15 -1.66e-14 -7.22539e-14 0 0 0 0 0 0 3.23164e-14 -3.78071e-15 -3.20633e-15 2.96581e-15 0 0 -2.28214e-14 1.54082e-14 0 0 0 0 0 7.32125e-25 2 7.21251e-26 2.78927e-25 1.10399e-24 -1.93342e-25 2.36883e-25 -3.68166e-25 -1.48637e-24 3.9421e-25 1.76972e-24 -5.68929e-25 -9.43451e-26 1.08743e-25 -5.76104e-25 -7.3043e-25 -2.87553e-25 3.48501e-25 0 0 0 0 0 0 -1.7795e-24 5.05263e-25 -2.23608e-25 6.05288e-25 0 0 -9.72528e-25 6.02091e-25 0 0 0 0 0 0 0 0 0 0 0 0 0 0 0 0 0 0 0 0 0 0 0 0 0 0 0 0 0 0 0 0 0 0 0 0 0 0 0 0 0 0 0 0 0 0 0 0 0 0 9.53686e-14 -2.15612e-13 1.41104e-13 -3.74e-14 7.85502e-14 1.14681e-13 -7.02689e-14 -2.56368e-13 -7.85969e-14 1.81648e-13 -2.7368e-13 4.63843e-13 3.12102e-13 3.67147e-14 -2.62397e-13 6.50717e-13 0 0 0 0 0 0 0 0 0 0 0 0 0 0 0 0 0 0 0 0 0 0 0 0 0 0 0 0 0 
Parameter Dbar0{K(0)*(1430)bar-[GLASS]{K0S0,pi-},pi+}_Re 0 0.0095653 1.41421 0 -7.78565e-16 -3.13606e-15 1.22369e-16 1.41023e-16 -7.44273e-16 1.18987e-15 1.1119e-15 -1.08448e-15 -3.57638e-16 -4.89705e-15 -8.17879e-16 8.79524e-17 -1.38092e-14 -2.82349e-15 -2.17204e-16 2.27511e-16 -1.53314e-15 -4.60848e-15 0 0 0 0 0 0 2.84526e-15 -1.09285e-15 -3.58176e-16 2.74467e-16 0 0 1.042e-15 5.00535e-15 0 0 0 0 0 7.84832e-26 7.21251e-26 2 2.81704e-26 1.0942e-25 -1.88923e-27 1.87273e-26 -3.271e-26 -1.43587e-25 3.21481e-26 1.68992e-25 -5.38908e-26 -1.3198e-26 3.12733e-26 -4.54502e-26 -7.28292e-26 -2.8942e-26 3.67814e-26 0 0 0 0 0 0 -1.67234e-25 4.62302e-26 -1.91222e-26 4.01225e-26 0 0 -1.1599e-25 6.10535e-26 0 0 0 0 0 0 0 0 0 0 0 0 0 0 0 0 0 0 0 0 0 0 0 0 0 0 0 0 0 0 0 0 0 0 0 0 0 0 0 0 0 0 0 0 0 0 0 0 0 0 9.91479e-15 -2.03283e-14 1.25727e-14 -5.62412e-15 1.85559e-14 -1.53994e-14 -6.33668e-15 -1.17957e-14 -7.85947e-15 1.83709e-14 -2.66621e-14 4.10882e-14 4.75896e-15 1.39437e-14 -2.61197e-14 6.55938e-14 0 0 0 0 0 0 0 0 0 0 0 0 0 0 0 0 0 0 0 0 0 0 0 0 0 0 0 0 0 
Parameter Dbar0{K(0)*(1430)bar-[GLASS]{K0S0,pi-},pi+}_Im 0 0.00601207 1.41421 0 -9.85894e-17 -2.52873e-14 1.02648e-15 1.93407e-15 -1.37969e-14 4.94679e-15 8.56935e-15 -6.29893e-15 -5.78492e-15 -3.26264e-14 -2.67525e-14 -1.1751e-14 -5.07446e-14 4.49974e-14 -3.07968e-16 1.00353e-15 -4.94256e-15 -3.83146e-14 0 0 0 0 0 0 7.93061e-15 -1.05008e-15 -1.33604e-15 5.90663e-16 0 0 -1.07034e-14 1.26805e-14 0 0 0 0 0 2.71104e-25 2.78927e-25 2.81704e-26 2 3.76612e-25 -9.89337e-26 6.1132e-26 -1.22132e-25 -5.04512e-25 1.16285e-25 5.7559e-25 -1.88325e-25 -3.65066e-26 3.90128e-27 -1.73935e-25 -2.37766e-25 -9.2512e-26 1.32514e-25 0 0 0 0 0 0 -5.72783e-25 1.6724e-25 -7.12649e-26 2.33695e-25 0 0 -2.93818e-25 1.98245e-25 0 0 0 0 0 0 0 0 0 0 0 0 0 0 0 0 0 0 0 0 0 0 0 0 0 0 0 0 0 0 0 0 0 0 0 0 0 0 0 0 0 0 0 0 0 0 0 0 0 0 3.42394e-14 -6.69153e-14 4.49854e-14 -1.03304e-14 6.12527e-15 1.34042e-14 -3.71392e-14 -5.07415e-14 -2.59339e-14 5.95117e-14 -8.72359e-14 1.52863e-13 3.06609e-14 -7.4523e-15 -8.09454e-14 2.16467e-13 0 0 0 0 0 0 0 0 0 0 0 0 0 0 0 0 0 0 0 0 0 0 0 0 0 0 0 0 0 
Parameter Dbar0{K(2)*(1430)+{K0S0,pi+},pi-}_Re 0 -42.9997 1.41421 0 -2.61221e-15 -7.58841e-14 1.99174e-15 4.25526e-15 -4.54932e-14 1.01477e-14 2.17775e-14 -1.91065e-14 -1.96082e-14 -1.056e-13 -8.80901e-14 -2.93113e-14 -1.51614e-13 1.34488e-13 -6.25914e-16 4.69518e-15 -1.98844e-14 -1.08926e-13 0 0 0 0 0 0 3.17594e-14 -2.74432e-16 -4.08804e-15 4.31684e-15 0 0 -2.54131e-14 3.80482e-14 0 0 0 0 0 1.14303e-24 1.10399e-24 1.0942e-25 3.76612e-25 2 -4.2469e-25 3.52059e-25 -5.25036e-25 -2.16625e-24 6.05511e-25 2.58964e-24 -8.95218e-25 -1.22513e-25 4.17773e-26 -9.04517e-25 -1.06855e-24 -4.62556e-25 4.521e-25 0 0 0 0 0 0 -2.50639e-24 7.9424e-25 -2.2981e-25 1.09537e-24 0 0 -1.35683e-24 8.88985e-25 0 0 0 0 0 0 0 0 0 0 0 0 0 0 0 0 0 0 0 0 0 0 0 0 0 0 0 0 0 0 0 0 0 0 0 0 0 0 0 0 0 0 0 0 0 0 0 0 0 0 1.69807e-13 -3.36176e-13 2.00763e-13 -7.8081e-14 -3.13419e-13 -2.90538e-13 8.39775e-15 -2.77231e-13 -1.16528e-13 2.70387e-13 -4.25115e-13 8.64804e-13 2.014e-13 3.50144e-13 -3.89335e-13 1.00395e-12 0 0 0 0 0 0 0 0 0 0 0 0 0 0 0 0 0 0 0 0 0 0 0 0 0 0 0 0 0 
Parameter Dbar0{K(2)*(1430)+{K0S0,pi+},pi-}_Im 0 0.104979 1.41421 0 -1.33213e-14 1.00339e-13 -2.12112e-15 -8.09424e-15 7.30268e-14 -9.49156e-15 -2.98664e-14 1.27178e-14 3.43909e-15 1.10237e-13 1.41834e-13 6.06949e-14 1.05683e-13 -2.71176e-13 -9.26517e-16 -4.33237e-15 1.72289e-15 1.5383e-13 0 0 0 0 0 0 -1.92602e-14 -9.70317e-15 8.0556e-15 6.59978e-16 0 0 6.71734e-14 -7.54391e-15 0 0 0 0 0 -2.92648e-25 -1.93342e-25 -1.88923e-27 -9.89337e-26 -4.2469e-25 2 -7.89038e-26 1.29608e-25 4.80499e-25 -1.55213e-25 -5.30051e-25 2.21424e-25 -4.39163e-27 5.92932e-25 2.79657e-25 1.60026e-25 7.98344e-26 -7.95016e-26 0 0 0 0 0 0 4.62207e-25 -2.29285e-25 2.36847e-26 -8.30267e-25 0 0 -3.06161e-25 -1.5702e-25 0 0 0 0 0 0 0 0 0 0 0 0 0 0 0 0 0 0 0 0 0 0 0 0 0 0 0 0 0 0 0 0 0 0 0 0 0 0 0 0 0 0 0 0 0 0 0 0 0 0 -5.75275e-14 5.66126e-14 -5.39141e-14 -8.65431e-15 6.62102e-13 1.53519e-14 4.32241e-14 -7.38903e-15 2.03678e-14 -4.44629e-14 7.89461e-14 -3.08074e-13 5.10033e-14 4.73068e-14 3.8224e-14 -2.01313e-13 0 0 0 0 0 0 0 0 0 0 0 0 0 0 0 0 0 0 0 0 0 0 0 0 0 0 0 0 0 
Parameter Dbar0{K(2)*(1430)bar-{K0S0,pi-},pi+}_Re 0 0.0133101 1.41421 0 -9.62106e-16 -9.68947e-15 -8.19583e-17 4.2492e-16 -7.121e-15 7.6543e-16 2.18807e-15 -2.16484e-15 -3.6462e-15 -1.7462e-14 -1.66773e-14 -1.97654e-15 -1.20329e-14 2.54e-14 4.26193e-16 1.51912e-15 -4.44929e-15 -1.26765e-14 0 0 0 0 0 0 9.8804e-15 1.76395e-15 -8.58877e-16 1.13863e-15 0 0 -2.89044e-15 1.02598e-15 0 0 0 0 0 2.12605e-25 2.36883e-25 1.87273e-26 6.1132e-26 3.52059e-25 -7.89038e-26 2 -1.06573e-25 -4.34915e-25 1.40356e-25 5.45249e-25 -1.87495e-25 -1.92767e-26 1.5796e-26 -2.07415e-25 -2.22957e-25 -9.91809e-26 7.10317e-26 0 0 0 0 0 0 -5.27991e-25 1.67356e-25 -4.32681e-26 2.20327e-25 0 0 -2.89589e-25 1.88887e-25 0 0 0 0 0 0 0 0 0 0 0 0 0 0 0 0 0 0 0 0 0 0 0 0 0 0 0 0 0 0 0 0 0 0 0 0 0 0 0 0 0 0 0 0 0 0 0 0 0 0 3.48861e-14 -7.42153e-14 4.39716e-14 -1.81712e-14 -8.84967e-14 -6.23816e-14 1.92111e-14 -8.39137e-14 -2.4189e-14 5.67108e-14 -9.21129e-14 1.9126e-13 9.47234e-14 1.03373e-13 -8.55236e-14 2.09556e-13 0 0 0 0 0 0 0 0 0 0 0 0 0 0 0 0 0 0 0 0 0 0 0 0 0 0 0 0 0 
Parameter Dbar0{K(2)*(1430)bar-{K0S0,pi-},pi+}_Im 0 0.0170886 1.41421 0 6.90634e-16 2.57154e-14 -4.24694e-16 -1.7899e-15 1.51627e-14 -3.66979e-15 -7.95776e-15 5.34659e-15 6.5491e-15 3.70927e-14 2.76193e-14 1.13115e-14 5.24267e-14 -4.53918e-14 -2.76569e-17 -1.48365e-15 6.95243e-15 3.72131e-14 0 0 0 0 0 0 -1.15598e-14 -2.34406e-16 1.44295e-15 -1.39511e-15 0 0 7.8578e-15 -1.59397e-14 0 0 0 0 0 -3.48342e-25 -3.68166e-25 -3.271e-26 -1.22132e-25 -5.25036e-25 1.29608e-25 -1.06573e-25 2 6.726e-25 -1.88234e-25 -7.96946e-25 2.75966e-25 3.54461e-26 -5.19922e-27 2.80625e-25 3.27848e-25 1.41283e-25 -1.45727e-25 0 0 0 0 0 0 7.82352e-25 -2.45062e-25 8.00439e-26 -3.35046e-25 0 0 4.09019e-25 -2.69157e-25 0 0 0 0 0 0 0 0 0 0 0 0 0 0 0 0 0 0 0 0 0 0 0 0 0 0 0 0 0 0 0 0 0 0 0 0 0 0 0 0 0 0 0 0 0 0 0 0 0 0 -5.14863e-14 1.03511e-13 -6.42194e-14 1.84486e-14 9.20619e-14 -1.20116e-15 6.72875e-15 9.97598e-14 3.57859e-14 -8.25342e-14 1.27545e-13 -2.48228e-13 -9.7723e-14 -7.37948e-14 1.17252e-13 -3.04705e-13 0 0 0 0 0 0 0 0 0 0 0 0 0 0 0 0 0 0 0 0 0 0 0 0 0 0 0 0 0 
Parameter Dbar0{K*(1410)+{K0S0,pi+},pi-}_Re 0 -0.0339155 1.41421 0 2.70537e-15 9.60463e-14 -2.73162e-15 -6.54494e-15 5.32981e-14 -9.47937e-15 -3.03238e-14 2.435e-14 3.07775e-14 1.36886e-13 1.19051e-13 4.17779e-14 1.84962e-13 -1.88316e-13 6.77626e-16 -6.13165e-15 2.74103e-14 1.39423e-13 0 0 0 0 0 0 -4.58521e-14 -1.39072e-15 5.93654e-15 -5.77424e-15 0 0 3.3807e-14 -4.69908e-14 0 0 0 0 0 -1.45928e-24 -1.48637e-24 -1.43587e-25 -5.04512e-25 -2.16625e-24 4.80499e-25 -4.34915e-25 6.726e-25 2 -7.45442e-25 -3.32193e-24 1.12209e-24 1.70786e-25 -1.19179e-25 1.12315e-24 1.36908e-24 5.68793e-25 -6.15269e-25 0 0 0 0 0 0 3.2358e-24 -9.99682e-25 3.2441e-25 -1.3167e-24 0 0 1.7901e-24 -1.15117e-24 0 0 0 0 0 0 0 0 0 0 0 0 0 0 0 0 0 0 0 0 0 0 0 0 0 0 0 0 0 0 0 0 0 0 0 0 0 0 0 0 0 0 0 0 0 0 0 0 0 0 -2.08201e-13 4.2116e-13 -2.56143e-13 9.21777e-14 2.1038e-13 2.38206e-13 4.24022e-14 3.60948e-13 1.49279e-13 -3.45751e-13 5.34098e-13 -1.03044e-12 -2.73677e-13 -3.51556e-13 4.95089e-13 -1.27227e-12 0 0 0 0 0 0 0 0 0 0 0 0 0 0 0 0 0 0 0 0 0 0 0 0 0 0 0 0 0 
