Parameter D0_radius 2 5 0 0 0 0 0 0 0 0 0 0 0 0 0 0 0 0 0 0 0 0 0 0 0 0 0 0 0 0 0 0 0 0 0 0 0 0 0 0 0 0 0 0 0 0 0 0 0 0 0 0 0 0 0 0 0 0 0 0 0 0 0 0 0 0 0 0 0 0 0 0 0 0 0 0 0 0 0 0 0 0 0 0 0 0 0 0 0 0 0 0 0 0 0 0 0 0 0 0 0 0 0 0 0 0 0 0 0 0 0 0 0 0 0 0 0 0 0 0 0 0 0 0 0 0 0 0 0 0 0 0 0 0 0 0 0 0 0 0 0 0 0 0 0 0 0 0 0 0 0 0 0 0 0 0 0 0 0 0 0 0 0 0 0 0 0 0 
Parameter D0{K(0)*(1430)+[GLASS]{K0S0,pi+},pi-}_Re 0 -14.346 0.629126 0 0.3958 -0.388243 0.00506749 0.00612904 -0.0520804 -0.0769937 0.00491635 -0.0220324 -0.0908342 0.0613091 -0.268461 -0.0937828 0.075231 0.704391 0.00827629 0.0111879 0.00917278 0.0207213 0 0 0 0 0 0 0.0446262 -0.0100346 -0.00986134 -0.00204471 0 0 -0.22936 -0.348324 0 0 0 0 0 1.18498e-05 -1.07311e-05 -2.25462e-07 -8.47869e-06 -2.40831e-15 -6.6178e-13 8.11219e-13 -1.21276e-05 3.58329e-13 -3.00132e-13 -4.90503e-13 4.38077e-13 -1.53184e-13 9.95827e-15 1.20637e-13 -1.41154e-13 1.15793e-14 5.29565e-13 0 0 0 0 0 0 -5.10535e-13 3.40874e-13 5.8129e-13 -7.41393e-15 0 0 2.6623e-13 1.49677e-13 0 0 0 0 0 0 0 0 0 0 0 0 0 0 0 0 0 0 0 0 0 0 0 0 0 0 0 0 0 0 0 0 0 0 0 0 0 0 0 0 0 0 0 0 0 0 0 0 0 0 0.0661815 -0.00298643 0.107316 0.461022 -1.17464 1.67325 -1.54156 -0.369765 -0.00374133 0.0203737 0.200278 0.685792 0.171141 -3.12368 0.31661 0.332213 0 0 0 0 0 0 0 0 0 0 0 0 0 0 0 0 0 0 0 0 0 0 0 0 0 0 0 0 0 
Parameter D0{K(0)*(1430)+[GLASS]{K0S0,pi+},pi-}_Im 0 9.92516 0.842977 0 -0.388243 0.71061 -0.0102067 -0.0017741 0.144 0.09811 -0.00469189 0.0252978 -0.0521093 0.0626782 0.339197 0.0650535 -0.103315 -0.79918 0.00446049 -0.018224 -0.0180768 -0.0209934 0 0 0 0 0 0 0.0747645 0.12844 0.00970474 -0.0014454 0 0 0.357672 0.603258 0 0 0 0 0 -1.02947e-05 1.00742e-05 3.68354e-07 7.82385e-06 3.03859e-14 5.93926e-13 -7.04546e-13 1.11803e-05 -3.62137e-13 2.8775e-13 4.56266e-13 -4.36617e-13 8.22127e-14 -6.16293e-14 -1.06608e-13 1.33965e-13 -3.47658e-14 -5.2692e-13 0 0 0 0 0 0 5.28731e-13 -3.21577e-13 -5.71323e-13 -1.18033e-15 0 0 -2.89409e-13 -8.97867e-14 0 0 0 0 0 0 0 0 0 0 0 0 0 0 0 0 0 0 0 0 0 0 0 0 0 0 0 0 0 0 0 0 0 0 0 0 0 0 0 0 0 0 0 0 0 0 0 0 0 0 -0.204498 -0.15747 -0.0849248 -0.490199 1.31445 0.693666 1.45871 -0.776266 -0.0252728 -0.132762 0.0283806 -0.559828 1.23423 3.4552 -0.524154 -0.561246 0 0 0 0 0 0 0 0 0 0 0 0 0 0 0 0 0 0 0 0 0 0 0 0 0 0 0 0 0 
Parameter D0{K(0)*(1430)bar-[GLASS]{K0S0,pi-},pi+}_Re 0 -0.085322 0.0767786 0 0.00506749 -0.0102067 0.00589495 0.00144463 -0.00417485 -0.00183516 0.00501692 -0.00383206 -0.00246943 0.0100025 0.00906352 0.00724934 0.0029125 -0.00648172 -0.00050188 -0.000311435 0.000296001 0.00109903 0 0 0 0 0 0 -0.00192772 -0.00293471 -0.000803529 0.000284861 0 0 -0.0179642 0.00508115 0 0 0 0 0 -6.27591e-07 5.2538e-07 -2.96716e-09 4.27678e-07 -8.38174e-15 3.37412e-14 -4.83439e-14 6.31589e-07 -1.70904e-14 1.44415e-14 2.42764e-14 -2.16483e-14 1.16544e-14 2.63509e-15 -7.43916e-15 6.84375e-15 6.35047e-16 -2.6127e-14 0 0 0 0 0 0 2.30068e-14 -1.57655e-14 -2.73802e-14 7.66255e-17 0 0 -1.03914e-14 -1.12142e-14 0 0 0 0 0 0 0 0 0 0 0 0 0 0 0 0 0 0 0 0 0 0 0 0 0 0 0 0 0 0 0 0 0 0 0 0 0 0 0 0 0 0 0 0 0 0 0 0 0 0 0.00301693 0.00317784 0.00304463 0.00987249 -0.00858206 -0.0283897 -0.0148893 0.0221589 0.000138192 0.00213218 -0.00111418 0.00793618 -0.017914 -0.0429304 0.00956458 0.00914909 0 0 0 0 0 0 0 0 0 0 0 0 0 0 0 0 0 0 0 0 0 0 0 0 0 0 0 0 0 
Parameter D0{K(0)*(1430)bar-[GLASS]{K0S0,pi-},pi+}_Im 0 -0.18169 0.109951 0 0.00612904 -0.0017741 0.00144463 0.0120892 0.00218644 -0.000607195 0.0291771 0.00204419 -0.0132952 -0.000742547 -0.00946764 -0.012175 -0.00800762 0.0424007 -0.00196463 0.00149639 0.000228519 -0.00023453 0 0 0 0 0 0 -0.00301414 -0.0011725 0.000903512 0.000184906 0 0 0.00426313 -0.00804874 0 0 0 0 0 8.68141e-07 -7.5144e-07 -4.79217e-09 -6.08467e-07 6.07175e-15 -4.77578e-14 6.39924e-14 -8.74481e-07 2.48788e-14 -2.14182e-14 -3.45882e-14 3.08343e-14 -1.37055e-14 -1.56771e-15 1.02275e-14 -9.82538e-15 9.17282e-17 3.71775e-14 0 0 0 0 0 0 -3.46706e-14 2.34123e-14 3.96476e-14 -7.30606e-18 0 0 1.71358e-14 1.3431e-14 0 0 0 0 0 0 0 0 0 0 0 0 0 0 0 0 0 0 0 0 0 0 0 0 0 0 0 0 0 0 0 0 0 0 0 0 0 0 0 0 0 0 0 0 0 0 0 0 0 0 -3.92835e-05 -0.00156439 0.00116257 0.00810216 -0.0187105 0.0612523 -0.0235766 -0.0191429 -0.00067706 -0.000707104 0.00502908 0.0146544 0.0131457 -0.0598845 0.00535403 0.00351085 0 0 0 0 0 0 0 0 0 0 0 0 0 0 0 0 0 0 0 0 0 0 0 0 0 0 0 0 0 
Parameter D0{K(2)*(1430)+{K0S0,pi+},pi-}_Re 0 -0.57229 0.669912 0 -0.0520804 0.144 -0.00417485 0.00218644 0.448782 -0.434548 0.00593542 0.00216388 -0.0157485 0.0204593 -0.0428538 0.0230587 0.0520605 -0.0911918 -0.00374205 0.00220642 -0.0019952 -0.000730242 0 0 0 0 0 0 -0.0747504 0.0287949 0.00515128 0.000346792 0 0 0.0783955 -0.0196932 0 0 0 0 0 -6.75594e-07 9.08985e-07 1.19246e-08 6.92877e-07 6.42476e-14 4.5903e-14 4.09873e-15 9.51581e-07 -3.66826e-14 2.74797e-14 4.49223e-14 -4.21415e-14 -3.49528e-15 -1.24321e-14 -1.77088e-14 1.46105e-14 -1.34379e-14 -2.66611e-14 0 0 0 0 0 0 4.03554e-14 -5.05624e-14 -5.34772e-14 -4.63862e-15 0 0 -2.73763e-14 1.57873e-14 0 0 0 0 0 0 0 0 0 0 0 0 0 0 0 0 0 0 0 0 0 0 0 0 0 0 0 0 0 0 0 0 0 0 0 0 0 0 0 0 0 0 0 0 0 0 0 0 0 0 -0.0317864 -0.0500107 -0.0311874 -0.0737601 0.2908 0.266626 0.457344 -0.172383 -0.00480923 -0.0208119 -0.00997743 -0.103012 0.194077 0.9092 -0.0785046 -0.124747 0 0 0 0 0 0 0 0 0 0 0 0 0 0 0 0 0 0 0 0 0 0 0 0 0 0 0 0 0 
Parameter D0{K(2)*(1430)+{K0S0,pi+},pi-}_Im 0 1.50451 0.851073 0 -0.0769937 0.09811 -0.00183516 -0.000607195 -0.434548 0.724326 -0.000873858 0.00773586 -0.00828726 0.0108793 0.111128 -0.013017 -0.0453851 -0.10731 0.00737404 -0.00767845 -0.00561809 -0.00212921 0 0 0 0 0 0 0.0802221 -0.017309 -0.00254257 0.00123802 0 0 0.0366869 0.182445 0 0 0 0 0 -3.77363e-06 3.28969e-06 1.18036e-07 2.5993e-06 -6.7843e-14 2.04895e-13 -3.16566e-13 3.75954e-06 -1.08745e-13 9.04189e-14 1.46256e-13 -1.35126e-13 5.00182e-14 -2.47743e-15 -3.10273e-14 4.02834e-14 4.27199e-15 -1.90595e-13 0 0 0 0 0 0 1.72913e-13 -7.96235e-14 -1.81941e-13 4.97187e-15 0 0 -8.56565e-14 -6.48581e-14 0 0 0 0 0 0 0 0 0 0 0 0 0 0 0 0 0 0 0 0 0 0 0 0 0 0 0 0 0 0 0 0 0 0 0 0 0 0 0 0 0 0 0 0 0 0 0 0 0 0 -0.020438 0.00949138 -0.00889929 -0.0461973 0.0857501 -0.0694707 -0.0398988 -0.00323066 -0.00429378 -0.01861 0.0126832 -0.0566185 0.0998551 -0.0021654 -0.0606421 -0.0138171 0 0 0 0 0 0 0 0 0 0 0 0 0 0 0 0 0 0 0 0 0 0 0 0 0 0 0 0 0 
Parameter D0{K(2)*(1430)bar-{K0S0,pi-},pi+}_Re 0 -0.67612 0.383351 0 0.00491635 -0.00469189 0.00501692 0.0291771 0.00593542 -0.000873858 0.146958 0.00571268 -0.0407252 0.00193508 -0.0271715 -0.0668073 -0.0377266 0.120201 -0.0016185 0.0023002 0.000428022 -0.00166201 0 0 0 0 0 0 -0.0336769 -0.00599832 0.000509435 0.000358681 0 0 0.0219635 -0.0167089 0 0 0 0 0 6.55312e-08 -8.61648e-08 -2.00971e-08 -9.64609e-08 1.80926e-14 -6.22647e-15 2.89281e-14 -1.00594e-07 3.11182e-15 -4.24109e-15 -3.53862e-15 3.01691e-15 -5.34667e-15 -3.50682e-15 2.07464e-15 -1.2738e-15 1.07856e-15 1.72116e-14 0 0 0 0 0 0 -4.57962e-15 -8.387e-15 4.97147e-15 8.92087e-16 0 0 3.87344e-15 5.26999e-15 0 0 0 0 0 0 0 0 0 0 0 0 0 0 0 0 0 0 0 0 0 0 0 0 0 0 0 0 0 0 0 0 0 0 0 0 0 0 0 0 0 0 0 0 0 0 0 0 0 0 0.00233322 0.000196184 -0.00116265 0.00850392 -0.0208466 0.0176836 0.00161215 0.0166706 -0.00065915 0.00205886 -0.00413665 0.00681753 -0.0825046 -0.0712187 0.013099 0.00700079 0 0 0 0 0 0 0 0 0 0 0 0 0 0 0 0 0 0 0 0 0 0 0 0 0 0 0 0 0 
Parameter D0{K(2)*(1430)bar-{K0S0,pi-},pi+}_Im 0 0.590907 0.23821 0 -0.0220324 0.0252978 -0.00383206 0.00204419 0.00216388 0.00773586 0.00571268 0.056744 0.0114977 -0.0162325 0.0126286 0.00109336 0.010072 -0.0152069 -0.000419534 -0.00168915 -0.00194074 -0.00254658 0 0 0 0 0 0 0.00628557 0.0124816 0.00169812 -2.41849e-05 0 0 -0.00605146 -0.00791024 0 0 0 0 0 -1.0756e-06 9.57875e-07 1.25712e-08 7.62313e-07 -5.41964e-17 5.90165e-14 -7.36243e-14 1.102e-06 -3.24255e-14 2.66774e-14 4.37122e-14 -4.01714e-14 1.37491e-14 -1.10925e-15 -1.16671e-14 1.2488e-14 -6.58318e-16 -4.66425e-14 0 0 0 0 0 0 4.67036e-14 -3.14193e-14 -5.18383e-14 5.21689e-17 0 0 -2.35408e-14 -1.43684e-14 0 0 0 0 0 0 0 0 0 0 0 0 0 0 0 0 0 0 0 0 0 0 0 0 0 0 0 0 0 0 0 0 0 0 0 0 0 0 0 0 0 0 0 0 0 0 0 0 0 0 -0.00277523 -0.00219043 -0.0108178 -0.0199692 0.0534783 -0.0498207 0.0451641 -0.0112197 0.000526209 -0.00309966 -0.000835281 -0.0314756 0.00302091 0.18237 -0.0221855 -0.0172209 0 0 0 0 0 0 0 0 0 0 0 0 0 0 0 0 0 0 0 0 0 0 0 0 0 0 0 0 0 
Parameter D0{K*(1410)+{K0S0,pi+},pi-}_Re 0 3.58545 0.511931 0 -0.0908342 -0.0521093 -0.00246943 -0.0132952 -0.0157485 -0.00828726 -0.0407252 0.0114977 0.262073 -0.226712 -0.0646265 0.0684912 0.0689133 -0.121307 -0.00574706 0.00966544 -0.00664249 0.00188946 0 0 0 0 0 0 -0.0522324 -0.118376 0.00204824 0.00076419 0 0 0.0890324 -0.0676251 0 0 0 0 0 -9.55913e-07 6.04095e-07 3.27604e-09 5.36787e-07 -1.56711e-14 4.86946e-14 -8.69851e-14 6.34948e-07 -8.76829e-15 1.58235e-14 2.99568e-14 -1.15679e-14 2.73038e-14 2.19635e-14 -5.0303e-15 7.20732e-15 6.80082e-15 -4.03366e-14 0 0 0 0 0 0 1.60368e-14 -3.72676e-15 -2.51252e-14 5.2181e-15 0 0 -1.11575e-14 -2.75908e-14 0 0 0 0 0 0 0 0 0 0 0 0 0 0 0 0 0 0 0 0 0 0 0 0 0 0 0 0 0 0 0 0 0 0 0 0 0 0 0 0 0 0 0 0 0 0 0 0 0 0 0.0309631 0.0761375 -0.00109089 -0.11366 0.121719 -1.30838 0.372252 0.422074 0.0143588 0.0427901 -0.146256 -0.167101 -0.0412512 0.322721 -0.00587822 0.00276399 0 0 0 0 0 0 0 0 0 0 0 0 0 0 0 0 0 0 0 0 0 0 0 0 0 0 0 0 0 
Parameter D0{K*(1410)+{K0S0,pi+},pi-}_Im 0 -1.67559 1.02717 0 0.0613091 0.0626782 0.0100025 -0.000742547 0.0204593 0.0108793 0.00193508 -0.0162325 -0.226712 1.05507 0.181776 -0.0243849 -0.108519 -0.0888636 0.000649939 0.0087769 0.00537696 -0.000130959 0 0 0 0 0 0 0.0897123 0.136082 -0.0038265 0.00580086 0 0 -0.142343 0.27434 0 0 0 0 0 1.97453e-06 -1.4287e-06 2.69489e-08 -1.17774e-06 2.04309e-14 -9.83205e-14 1.55598e-13 -1.60606e-06 3.83998e-14 -3.8341e-14 -6.87189e-14 4.89134e-14 -3.70424e-14 -1.98638e-14 1.74259e-14 -1.7656e-14 -7.51934e-15 7.94191e-14 0 0 0 0 0 0 -6.20695e-14 3.58295e-14 6.91459e-14 -4.8045e-15 0 0 3.27998e-14 4.1022e-14 0 0 0 0 0 0 0 0 0 0 0 0 0 0 0 0 0 0 0 0 0 0 0 0 0 0 0 0 0 0 0 0 0 0 0 0 0 0 0 0 0 0 0 0 0 0 0 0 0 0 -0.0257852 -0.0612631 -0.0106344 0.0777213 0.0469468 1.01706 -0.212954 -0.296667 -0.0136572 -0.0368732 0.120539 0.108626 -0.184321 0.0656533 0.00114673 -0.0199324 0 0 0 0 0 0 0 0 0 0 0 0 0 0 0 0 0 0 0 0 0 0 0 0 0 0 0 0 0 
Parameter D0{K*(1410)bar-{K0S0,pi-},pi+}_Re 0 3.92247 0.819546 0 -0.268461 0.339197 0.00906352 -0.00946764 -0.0428538 0.111128 -0.0271715 0.0126286 -0.0646265 0.181776 0.671656 0.0926899 -0.288731 -0.823313 -0.0166571 -0.00341265 -0.00135606 -0.00530025 0 0 0 0 0 0 0.141963 0.121105 0.0135395 -0.00220346 0 0 -0.0369393 0.354992 0 0 0 0 0 -6.2417e-06 6.06674e-06 2.26313e-07 4.69542e-06 -6.78532e-14 3.56283e-13 -4.94628e-13 6.83403e-06 -2.12144e-13 1.72596e-13 2.67296e-13 -2.56916e-13 8.43453e-14 -2.00689e-14 -5.43606e-14 8.0012e-14 -1.38831e-14 -3.42831e-13 0 0 0 0 0 0 3.07214e-13 -1.58195e-13 -3.40493e-13 4.69476e-15 0 0 -1.57993e-13 -8.49074e-14 0 0 0 0 0 0 0 0 0 0 0 0 0 0 0 0 0 0 0 0 0 0 0 0 0 0 0 0 0 0 0 0 0 0 0 0 0 0 0 0 0 0 0 0 0 0 0 0 0 0 -0.119397 -0.0522606 -0.00595106 -0.274389 1.02096 -0.434742 0.89073 -0.112276 -0.0150234 -0.0655839 -0.00434111 -0.392701 0.451715 2.36941 -0.289664 -0.321752 0 0 0 0 0 0 0 0 0 0 0 0 0 0 0 0 0 0 0 0 0 0 0 0 0 0 0 0 0 
Parameter D0{K*(1410)bar-{K0S0,pi-},pi+}_Im 0 3.63964 0.815512 0 -0.0937828 0.0650535 0.00724934 -0.012175 0.0230587 -0.013017 -0.0668073 0.00109336 0.0684912 -0.0243849 0.0926899 0.665059 0.231938 -1.11278 -0.01604 0.00986924 -0.00572484 0.0162664 0 0 0 0 0 0 -0.0307615 -0.0179119 -0.00756512 -0.000846986 0 0 0.0695143 -0.00234111 0 0 0 0 0 -1.7685e-05 1.5409e-05 1.68659e-07 1.24263e-05 -2.59274e-13 9.74407e-13 -1.44236e-12 1.81048e-05 -5.16799e-13 4.31887e-13 7.04077e-13 -6.43109e-13 2.96534e-13 4.34245e-14 -1.94211e-13 2.01979e-13 -3.03586e-15 -8.43121e-13 0 0 0 0 0 0 7.20926e-13 -4.19847e-13 -8.20187e-13 2.76681e-15 0 0 -3.54992e-13 -2.9938e-13 0 0 0 0 0 0 0 0 0 0 0 0 0 0 0 0 0 0 0 0 0 0 0 0 0 0 0 0 0 0 0 0 0 0 0 0 0 0 0 0 0 0 0 0 0 0 0 0 0 0 -0.0109604 0.0116823 -0.0335075 -0.0941692 0.298314 -0.576729 0.333507 0.0979772 0.00223774 -0.00266255 -0.0444493 -0.157027 -0.10882 0.674916 -0.0734462 -0.0674421 0 0 0 0 0 0 0 0 0 0 0 0 0 0 0 0 0 0 0 0 0 0 0 0 0 0 0 0 0 
Parameter D0{K*(1680)bar-{K0S0,pi-},pi+}_Re 0 2.7566 0.92228 0 0.075231 -0.103315 0.0029125 -0.00800762 0.0520605 -0.0453851 -0.0377266 0.010072 0.0689133 -0.108519 -0.288731 0.231938 0.850601 0.05689 -0.00397896 0.00621802 -0.0160353 0.0298007 0 0 0 0 0 0 -0.158435 -0.0745633 -0.018252 0.00663545 0 0 -0.0450929 0.135568 0 0 0 0 0 -5.72448e-06 4.64538e-06 -1.89196e-08 3.97807e-06 -2.77884e-13 3.1265e-13 -6.67559e-13 5.68101e-06 -1.44877e-13 1.23508e-13 2.27528e-13 -1.86055e-13 1.51131e-13 8.7368e-14 -8.60606e-14 6.17202e-14 6.62546e-15 -3.65532e-13 0 0 0 0 0 0 1.85796e-13 -2.83722e-14 -2.40352e-13 -6.43982e-15 0 0 -9.42332e-14 -1.44294e-13 0 0 0 0 0 0 0 0 0 0 0 0 0 0 0 0 0 0 0 0 0 0 0 0 0 0 0 0 0 0 0 0 0 0 0 0 0 0 0 0 0 0 0 0 0 0 0 0 0 0 0.116342 0.0403759 -0.0770565 0.15965 -0.36753 -0.460564 -0.256538 0.202972 0.0208123 0.0489304 -0.0291808 0.0803789 -0.589306 -0.818821 0.133636 0.201652 0 0 0 0 0 0 0 0 0 0 0 0 0 0 0 0 0 0 0 0 0 0 0 0 0 0 0 0 0 
Parameter D0{K*(1680)bar-{K0S0,pi-},pi+}_Im 0 -8.14801 2.26563 0 0.704391 -0.79918 -0.00648172 0.0424007 -0.0911918 -0.10731 0.120201 -0.0152069 -0.121307 -0.0888636 -0.823313 -1.11278 0.05689 5.13307 0.0442589 -0.032446 -0.0193106 0.0134508 0 0 0 0 0 0 -0.0762152 -0.156294 -0.0118791 -0.00494933 0 0 -0.234436 -0.497356 0 0 0 0 0 3.421e-05 -3.12553e-05 -7.92972e-07 -2.48709e-05 5.73956e-13 -1.91995e-12 2.9031e-12 -3.62273e-05 1.07606e-12 -8.88816e-13 -1.40569e-12 1.31998e-12 -5.48771e-13 -1.91521e-14 3.34845e-13 -4.14822e-13 3.74369e-14 1.82422e-12 0 0 0 0 0 0 -1.52598e-12 7.73407e-13 1.70922e-12 -1.62325e-14 0 0 7.73368e-13 5.61475e-13 0 0 0 0 0 0 0 0 0 0 0 0 0 0 0 0 0 0 0 0 0 0 0 0 0 0 0 0 0 0 0 0 0 0 0 0 0 0 0 0 0 0 0 0 0 0 0 0 0 0 0.294927 0.123093 0.114759 0.769412 -2.34096 1.45409 -2.37613 0.177713 0.0284158 0.166742 0.103597 1.11634 -1.01086 -5.66227 0.758274 0.732102 0 0 0 0 0 0 0 0 0 0 0 0 0 0 0 0 0 0 0 0 0 0 0 0 0 0 0 0 0 
Parameter D0{K*(892)+{K0S0,pi+},pi-}_Re 0 -0.0524687 0.155257 0 0.00827629 0.00446049 -0.00050188 -0.00196463 -0.00374205 0.00737404 -0.0016185 -0.000419534 -0.00574706 0.000649939 -0.0166571 -0.01604 -0.00397896 0.0442589 0.0241046 0.00208703 0.00122177 -0.00131209 0 0 0 0 0 0 0.00297979 -0.00400242 0.000675665 0.000210234 0 0 0.00251076 0.0275242 0 0 0 0 0 1.35107e-06 -1.15808e-06 -1.20475e-09 -9.2637e-07 9.59773e-15 -7.27696e-14 1.00275e-13 -1.36098e-06 3.80906e-14 -3.19549e-14 -5.26953e-14 4.76955e-14 -2.21901e-14 -2.72091e-15 1.46171e-14 -1.50482e-14 -5.18735e-16 5.71985e-14 0 0 0 0 0 0 -5.35483e-14 3.58793e-14 6.09466e-14 -4.36982e-16 0 0 2.52381e-14 2.21589e-14 0 0 0 0 0 0 0 0 0 0 0 0 0 0 0 0 0 0 0 0 0 0 0 0 0 0 0 0 0 0 0 0 0 0 0 0 0 0 0 0 0 0 0 0 0 0 0 0 0 0 -0.00117526 -0.00399698 0.000711066 0.00376587 -0.0201172 0.110754 -0.0174424 -0.0285013 -0.000657534 -0.00224483 0.00655061 0.0136935 0.0227393 -0.0441919 0.00155199 0.00268273 0 0 0 0 0 0 0 0 0 0 0 0 0 0 0 0 0 0 0 0 0 0 0 0 0 0 0 0 0 
Parameter D0{K*(892)+{K0S0,pi+},pi-}_Im 0 -0.167826 0.152409 0 0.0111879 -0.018224 -0.000311435 0.00149639 0.00220642 -0.00767845 0.0023002 -0.00168915 0.00966544 0.0087769 -0.00341265 0.00986924 0.00621802 -0.032446 0.00208703 0.0232287 -0.000736526 0.0014306 0 0 0 0 0 0 0.00563967 -0.00426482 -0.000285236 -0.000197854 0 0 -0.0148023 -0.0294682 0 0 0 0 0 -4.49657e-07 3.67514e-07 -2.58159e-09 3.00038e-07 -6.3215e-16 2.43135e-14 -2.77851e-14 4.46864e-07 -1.22094e-14 1.05674e-14 1.64817e-14 -1.56889e-14 7.1205e-15 1.50924e-16 -4.66209e-15 4.68507e-15 4.31758e-16 -1.29829e-14 0 0 0 0 0 0 1.63327e-14 -1.55541e-14 -1.84664e-14 3.45832e-16 0 0 -7.26649e-15 -7.36299e-15 0 0 0 0 0 0 0 0 0 0 0 0 0 0 0 0 0 0 0 0 0 0 0 0 0 0 0 0 0 0 0 0 0 0 0 0 0 0 0 0 0 0 0 0 0 0 0 0 0 0 0.00229317 0.00248577 0.00141042 0.00897273 -0.0353887 0.0194809 -0.0418629 0.00851391 -2.19732e-05 0.00169957 0.00110298 0.0167119 -0.0206979 -0.0906169 0.0115547 0.0116261 0 0 0 0 0 0 0 0 0 0 0 0 0 0 0 0 0 0 0 0 0 0 0 0 0 0 0 0 0 
Parameter D0{K*(892)bar-{K0S0,pi-},pi+}_Re 0 0.0293981 0.14748 0 0.00917278 -0.0180768 0.000296001 0.000228519 -0.0019952 -0.00561809 0.000428022 -0.00194074 -0.00664249 0.00537696 -0.00135606 -0.00572484 -0.0160353 -0.0193106 0.00122177 -0.000736526 0.0217504 0.00159762 0 0 0 0 0 0 0.00313452 -0.00165146 -0.000470966 0.000635405 0 0 -0.00440691 -0.0309588 0 0 0 0 0 3.4851e-08 -5.12937e-08 -8.80792e-09 -4.46927e-08 -9.84196e-15 -2.66221e-15 -7.15862e-15 -4.87719e-08 2.04126e-15 -1.52719e-15 -2.94227e-15 2.3735e-15 3.21634e-15 2.4878e-15 9.54153e-16 -7.64608e-16 6.71477e-16 -6.1927e-16 0 0 0 0 0 0 -3.39458e-15 5.08569e-15 4.06443e-15 2.50023e-16 0 0 2.91941e-15 -2.96309e-15 0 0 0 0 0 0 0 0 0 0 0 0 0 0 0 0 0 0 0 0 0 0 0 0 0 0 0 0 0 0 0 0 0 0 0 0 0 0 0 0 0 0 0 0 0 0 0 0 0 0 0.00335223 0.003769 0.0035763 0.00982337 -0.0178439 -0.0113332 -0.0319879 0.0223876 0.000161181 0.00267784 0.00055956 0.0134225 -0.0379581 -0.0539742 0.0120543 0.0100977 0 0 0 0 0 0 0 0 0 0 0 0 0 0 0 0 0 0 0 0 0 0 0 0 0 0 0 0 0 
Parameter D0{K*(892)bar-{K0S0,pi-},pi+}_Im 0 -0.540964 0.145386 0 0.0207213 -0.0209934 0.00109903 -0.00023453 -0.000730242 -0.00212921 -0.00166201 -0.00254658 0.00188946 -0.000130959 -0.00530025 0.0162664 0.0298007 0.0134508 -0.00131209 0.0014306 0.00159762 0.0211371 0 0 0 0 0 0 0.00305934 -0.00871831 -0.000757897 -0.000394196 0 0 -0.0133831 -0.00390257 0 0 0 0 0 -6.98299e-07 5.77865e-07 -3.37647e-09 4.7624e-07 -1.04303e-14 3.81948e-14 -5.56679e-14 6.99395e-07 -1.87718e-14 1.57843e-14 2.67558e-14 -2.40722e-14 1.27566e-14 3.51345e-15 -9.17815e-15 7.42375e-15 4.50774e-16 -2.79213e-14 0 0 0 0 0 0 2.48797e-14 -1.8057e-14 -2.93729e-14 -2.38353e-16 0 0 -1.16453e-14 -1.25482e-14 0 0 0 0 0 0 0 0 0 0 0 0 0 0 0 0 0 0 0 0 0 0 0 0 0 0 0 0 0 0 0 0 0 0 0 0 0 0 0 0 0 0 0 0 0 0 0 0 0 0 0.00619967 0.00271588 0.00279865 0.0217405 -0.0585364 0.064493 -0.0667743 -0.000147751 0.000204439 0.00320764 0.00502702 0.0345136 -0.0120471 -0.154572 0.0200021 0.0190635 0 0 0 0 0 0 0 0 0 0 0 0 0 0 0 0 0 0 0 0 0 0 0 0 0 0 0 0 0 
Parameter D0{K+,K-}_Re 2 1 0 0 0 0 0 0 0 0 0 0 0 0 0 0 0 0 0 0 0 0 0 0 0 0 0 0 0 0 0 0 0 0 0 0 0 0 0 0 0 0 0 0 0 0 0 0 0 0 0 0 0 0 0 0 0 0 0 0 0 0 0 0 0 0 0 0 0 0 0 0 0 0 0 0 0 0 0 0 0 0 0 0 0 0 0 0 0 0 0 0 0 0 0 0 0 0 0 0 0 0 0 0 0 0 0 0 0 0 0 0 0 0 0 0 0 0 0 0 0 0 0 0 0 0 0 0 0 0 0 0 0 0 0 0 0 0 0 0 0 0 0 0 0 0 0 0 0 0 0 0 0 0 0 0 0 0 0 0 0 0 0 0 0 0 0 0 
Parameter D0{K+,K-}_Im 2 0 0 0 0 0 0 0 0 0 0 0 0 0 0 0 0 0 0 0 0 0 0 0 0 0 0 0 0 0 0 0 0 0 0 0 0 0 0 0 0 0 0 0 0 0 0 0 0 0 0 0 0 0 0 0 0 0 0 0 0 0 0 0 0 0 0 0 0 0 0 0 0 0 0 0 0 0 0 0 0 0 0 0 0 0 0 0 0 0 0 0 0 0 0 0 0 0 0 0 0 0 0 0 0 0 0 0 0 0 0 0 0 0 0 0 0 0 0 0 0 0 0 0 0 0 0 0 0 0 0 0 0 0 0 0 0 0 0 0 0 0 0 0 0 0 0 0 0 0 0 0 0 0 0 0 0 0 0 0 0 0 0 0 0 0 0 0 
Parameter D0{K-,pi+}_Re 2 1 0 0 0 0 0 0 0 0 0 0 0 0 0 0 0 0 0 0 0 0 0 0 0 0 0 0 0 0 0 0 0 0 0 0 0 0 0 0 0 0 0 0 0 0 0 0 0 0 0 0 0 0 0 0 0 0 0 0 0 0 0 0 0 0 0 0 0 0 0 0 0 0 0 0 0 0 0 0 0 0 0 0 0 0 0 0 0 0 0 0 0 0 0 0 0 0 0 0 0 0 0 0 0 0 0 0 0 0 0 0 0 0 0 0 0 0 0 0 0 0 0 0 0 0 0 0 0 0 0 0 0 0 0 0 0 0 0 0 0 0 0 0 0 0 0 0 0 0 0 0 0 0 0 0 0 0 0 0 0 0 0 0 0 0 0 0 
Parameter D0{K-,pi+}_Im 2 0 0 0 0 0 0 0 0 0 0 0 0 0 0 0 0 0 0 0 0 0 0 0 0 0 0 0 0 0 0 0 0 0 0 0 0 0 0 0 0 0 0 0 0 0 0 0 0 0 0 0 0 0 0 0 0 0 0 0 0 0 0 0 0 0 0 0 0 0 0 0 0 0 0 0 0 0 0 0 0 0 0 0 0 0 0 0 0 0 0 0 0 0 0 0 0 0 0 0 0 0 0 0 0 0 0 0 0 0 0 0 0 0 0 0 0 0 0 0 0 0 0 0 0 0 0 0 0 0 0 0 0 0 0 0 0 0 0 0 0 0 0 0 0 0 0 0 0 0 0 0 0 0 0 0 0 0 0 0 0 0 0 0 0 0 0 0 
Parameter D0{K0S0,PiPi00}_Re 2 1 0 0 0 0 0 0 0 0 0 0 0 0 0 0 0 0 0 0 0 0 0 0 0 0 0 0 0 0 0 0 0 0 0 0 0 0 0 0 0 0 0 0 0 0 0 0 0 0 0 0 0 0 0 0 0 0 0 0 0 0 0 0 0 0 0 0 0 0 0 0 0 0 0 0 0 0 0 0 0 0 0 0 0 0 0 0 0 0 0 0 0 0 0 0 0 0 0 0 0 0 0 0 0 0 0 0 0 0 0 0 0 0 0 0 0 0 0 0 0 0 0 0 0 0 0 0 0 0 0 0 0 0 0 0 0 0 0 0 0 0 0 0 0 0 0 0 0 0 0 0 0 0 0 0 0 0 0 0 0 0 0 0 0 0 0 0 
Parameter D0{K0S0,PiPi00}_Im 2 0 0 0 0 0 0 0 0 0 0 0 0 0 0 0 0 0 0 0 0 0 0 0 0 0 0 0 0 0 0 0 0 0 0 0 0 0 0 0 0 0 0 0 0 0 0 0 0 0 0 0 0 0 0 0 0 0 0 0 0 0 0 0 0 0 0 0 0 0 0 0 0 0 0 0 0 0 0 0 0 0 0 0 0 0 0 0 0 0 0 0 0 0 0 0 0 0 0 0 0 0 0 0 0 0 0 0 0 0 0 0 0 0 0 0 0 0 0 0 0 0 0 0 0 0 0 0 0 0 0 0 0 0 0 0 0 0 0 0 0 0 0 0 0 0 0 0 0 0 0 0 0 0 0 0 0 0 0 0 0 0 0 0 0 0 0 0 
Parameter D0{K0S0,f(2)(1270)0{pi+,pi-}}_Re 0 -0.803468 0.484231 0 0.0446262 0.0747645 -0.00192772 -0.00301414 -0.0747504 0.0802221 -0.0336769 0.00628557 -0.0522324 0.0897123 0.141963 -0.0307615 -0.158435 -0.0762152 0.00297979 0.00563967 0.00313452 0.00305934 0 0 0 0 0 0 0.23448 0.0856327 0.0020597 -0.00575985 0 0 -0.0364115 -0.0181133 0 0 0 0 0 1.84979e-06 -1.3323e-06 6.26388e-08 -1.15028e-06 4.0869e-14 -9.57417e-14 1.60742e-13 -1.59913e-06 3.12901e-14 -3.30584e-14 -6.94483e-14 4.06597e-14 -5.6906e-14 -3.84399e-14 2.65344e-14 -1.83495e-14 -8.08764e-15 7.74603e-14 0 0 0 0 0 0 -3.09809e-14 2.16142e-14 6.1297e-14 -2.40723e-15 0 0 1.33767e-14 4.47445e-14 0 0 0 0 0 0 0 0 0 0 0 0 0 0 0 0 0 0 0 0 0 0 0 0 0 0 0 0 0 0 0 0 0 0 0 0 0 0 0 0 0 0 0 0 0 0 0 0 0 0 -0.0798285 -0.0680465 0.0637563 0.0216961 -0.0538227 1.36491 -0.363209 -0.66262 -0.0175193 -0.0577318 0.16005 0.169654 0.847246 -0.103318 -0.0814822 -0.0973184 0 0 0 0 0 0 0 0 0 0 0 0 0 0 0 0 0 0 0 0 0 0 0 0 0 0 0 0 0 
Parameter D0{K0S0,f(2)(1270)0{pi+,pi-}}_Im 0 0.0982865 0.530903 0 -0.0100346 0.12844 -0.00293471 -0.0011725 0.0287949 -0.017309 -0.00599832 0.0124816 -0.118376 0.136082 0.121105 -0.0179119 -0.0745633 -0.156294 -0.00400242 -0.00426482 -0.00165146 -0.00871831 0 0 0 0 0 0 0.0856327 0.281858 0.0025244 -0.00601938 0 0 -0.0425426 0.0356597 0 0 0 0 0 2.61662e-06 -1.94012e-06 4.12594e-08 -1.6384e-06 2.49207e-14 -1.3983e-13 1.88649e-13 -2.28474e-06 5.29811e-14 -5.50424e-14 -9.45166e-14 6.89446e-14 -5.96481e-14 -2.83461e-14 3.06359e-14 -2.4167e-14 -8.9916e-15 8.21899e-14 0 0 0 0 0 0 -6.49155e-14 6.2768e-14 9.05663e-14 -5.03664e-15 0 0 3.09812e-14 5.29647e-14 0 0 0 0 0 0 0 0 0 0 0 0 0 0 0 0 0 0 0 0 0 0 0 0 0 0 0 0 0 0 0 0 0 0 0 0 0 0 0 0 0 0 0 0 0 0 0 0 0 0 -0.0627034 -0.0729022 0.0177336 0.0287015 0.0810331 0.913908 -0.176579 -0.657635 -0.0132287 -0.052673 0.149541 0.0672929 0.180983 0.0849456 -0.104023 -0.11498 0 0 0 0 0 0 0 0 0 0 0 0 0 0 0 0 0 0 0 0 0 0 0 0 0 0 0 0 0 
Parameter D0{K0S0,omega(782)0{pi+,pi-}}_Re 0 -0.0809249 0.20487 0 -0.00986134 0.00970474 -0.000803529 0.000903512 0.00515128 -0.00254257 0.000509435 0.00169812 0.00204824 -0.0038265 0.0135395 -0.00756512 -0.018252 -0.0118791 0.000675665 -0.000285236 -0.000470966 -0.000757897 0 0 0 0 0 0 0.0020597 0.0025244 0.0419717 0.000563018 0 0 -0.00259393 -0.00807963 0 0 0 0 0 -5.38089e-07 4.83214e-07 3.33929e-09 3.77369e-07 6.01441e-15 2.95294e-14 -2.86401e-14 5.49738e-07 -1.62318e-14 1.352e-14 2.16867e-14 -2.00518e-14 5.99763e-15 -1.94794e-15 -5.62875e-15 6.23411e-15 -3.70336e-16 -1.8113e-14 0 0 0 0 0 0 2.2918e-14 -1.96965e-14 -2.58481e-14 2.27028e-16 0 0 -1.09965e-14 -5.66072e-15 0 0 0 0 0 0 0 0 0 0 0 0 0 0 0 0 0 0 0 0 0 0 0 0 0 0 0 0 0 0 0 0 0 0 0 0 0 0 0 0 0 0 0 0 0 0 0 0 0 0 -0.00304638 -0.000905085 -0.00180083 -0.0122149 0.0400052 -0.0300478 0.0365468 0.00893572 -0.000343146 -0.00159876 -0.00221317 -0.0171619 -0.00724228 0.0908441 -0.00879154 -0.0103421 0 0 0 0 0 0 0 0 0 0 0 0 0 0 0 0 0 0 0 0 0 0 0 0 0 0 0 0 0 
Parameter D0{K0S0,omega(782)0{pi+,pi-}}_Im 0 -0.275235 0.209666 0 -0.00204471 -0.0014454 0.000284861 0.000184906 0.000346792 0.00123802 0.000358681 -2.41849e-05 0.00076419 0.00580086 -0.00220346 -0.000846986 0.00663545 -0.00494933 0.000210234 -0.000197854 0.000635405 -0.000394196 0 0 0 0 0 0 -0.00575985 -0.00601938 0.000563018 0.04396 0 0 0.00635631 -0.000307334 0 0 0 0 0 -1.86288e-07 1.51867e-07 -1.42275e-09 1.23937e-07 -9.54449e-15 1.00881e-14 -2.22264e-14 1.77512e-07 -4.67917e-15 4.20948e-15 7.26573e-15 -5.86852e-15 5.42745e-15 2.75032e-15 -2.34093e-15 1.95701e-15 2.50798e-16 -1.22082e-14 0 0 0 0 0 0 6.05896e-15 -6.44085e-16 -7.62818e-15 1.92736e-16 0 0 -2.95585e-15 -5.0569e-15 0 0 0 0 0 0 0 0 0 0 0 0 0 0 0 0 0 0 0 0 0 0 0 0 0 0 0 0 0 0 0 0 0 0 0 0 0 0 0 0 0 0 0 0 0 0 0 0 0 0 0.00285172 0.00286076 -0.00238159 -0.00142621 0.00696062 -0.0433899 0.0158828 0.0292055 0.000533719 0.00182902 -0.00600238 -0.00628604 -0.0293628 0.0212521 0.00298194 0.00418613 0 0 0 0 0 0 0 0 0 0 0 0 0 0 0 0 0 0 0 0 0 0 0 0 0 0 0 0 0 
Parameter D0{K0S0,pi0}_Re 2 1 0 0 0 0 0 0 0 0 0 0 0 0 0 0 0 0 0 0 0 0 0 0 0 0 0 0 0 0 0 0 0 0 0 0 0 0 0 0 0 0 0 0 0 0 0 0 0 0 0 0 0 0 0 0 0 0 0 0 0 0 0 0 0 0 0 0 0 0 0 0 0 0 0 0 0 0 0 0 0 0 0 0 0 0 0 0 0 0 0 0 0 0 0 0 0 0 0 0 0 0 0 0 0 0 0 0 0 0 0 0 0 0 0 0 0 0 0 0 0 0 0 0 0 0 0 0 0 0 0 0 0 0 0 0 0 0 0 0 0 0 0 0 0 0 0 0 0 0 0 0 0 0 0 0 0 0 0 0 0 0 0 0 0 0 0 0 
Parameter D0{K0S0,pi0}_Im 2 0 0 0 0 0 0 0 0 0 0 0 0 0 0 0 0 0 0 0 0 0 0 0 0 0 0 0 0 0 0 0 0 0 0 0 0 0 0 0 0 0 0 0 0 0 0 0 0 0 0 0 0 0 0 0 0 0 0 0 0 0 0 0 0 0 0 0 0 0 0 0 0 0 0 0 0 0 0 0 0 0 0 0 0 0 0 0 0 0 0 0 0 0 0 0 0 0 0 0 0 0 0 0 0 0 0 0 0 0 0 0 0 0 0 0 0 0 0 0 0 0 0 0 0 0 0 0 0 0 0 0 0 0 0 0 0 0 0 0 0 0 0 0 0 0 0 0 0 0 0 0 0 0 0 0 0 0 0 0 0 0 0 0 0 0 0 0 
Parameter D0{K0S0,rho(1450)0{pi+,pi-}}_Re 0 6.0958 0.725047 0 -0.22936 0.357672 -0.0179642 0.00426313 0.0783955 0.0366869 0.0219635 -0.00605146 0.0890324 -0.142343 -0.0369393 0.0695143 -0.0450929 -0.234436 0.00251076 -0.0148023 -0.00440691 -0.0133831 0 0 0 0 0 0 -0.0364115 -0.0425426 -0.00259393 0.00635631 0 0 0.525694 0.212493 0 0 0 0 0 -1.61769e-06 1.90086e-06 1.94685e-07 1.39936e-06 1.21805e-13 1.0578e-13 -2.23966e-14 1.80534e-06 -7.32037e-14 5.61283e-14 8.61718e-14 -8.23274e-14 -3.40176e-14 -4.56983e-14 -8.27833e-15 2.60872e-14 -1.63522e-14 -7.32796e-14 0 0 0 0 0 0 1.19677e-13 -9.37686e-14 -1.16386e-13 2.15536e-15 0 0 -8.18343e-14 2.68653e-14 0 0 0 0 0 0 0 0 0 0 0 0 0 0 0 0 0 0 0 0 0 0 0 0 0 0 0 0 0 0 0 0 0 0 0 0 0 0 0 0 0 0 0 0 0 0 0 0 0 0 -0.0970776 -0.0542031 -0.0501455 -0.352179 0.636739 0.0362652 0.980805 -0.292957 -0.00641987 -0.0484174 -0.0688172 -0.357213 0.736021 1.75802 -0.282637 -0.310493 0 0 0 0 0 0 0 0 0 0 0 0 0 0 0 0 0 0 0 0 0 0 0 0 0 0 0 0 0 
Parameter D0{K0S0,rho(1450)0{pi+,pi-}}_Im 0 5.48727 1.2258 0 -0.348324 0.603258 0.00508115 -0.00804874 -0.0196932 0.182445 -0.0167089 -0.00791024 -0.0676251 0.27434 0.354992 -0.00234111 0.135568 -0.497356 0.0275242 -0.0294682 -0.0309588 -0.00390257 0 0 0 0 0 0 -0.0181133 0.0356597 -0.00807963 -0.000307334 0 0 0.212493 1.50259 0 0 0 0 0 -2.01932e-05 1.82167e-05 2.96455e-07 1.45089e-05 -9.96348e-14 1.12915e-12 -1.47704e-12 2.08229e-05 -6.20274e-13 5.09072e-13 8.44403e-13 -7.63291e-13 2.64721e-13 -1.59386e-15 -2.36443e-13 2.39123e-13 -2.4069e-14 -9.46596e-13 0 0 0 0 0 0 8.71647e-13 -5.53718e-13 -9.90621e-13 -2.36327e-15 0 0 -4.54061e-13 -2.60803e-13 0 0 0 0 0 0 0 0 0 0 0 0 0 0 0 0 0 0 0 0 0 0 0 0 0 0 0 0 0 0 0 0 0 0 0 0 0 0 0 0 0 0 0 0 0 0 0 0 0 0 -0.101264 -0.0858038 -0.115798 -0.419962 1.23038 -0.24567 1.53953 -0.175529 -0.00966618 -0.0708332 -0.0794511 -0.58762 0.328642 3.16514 -0.371727 -0.395662 0 0 0 0 0 0 0 0 0 0 0 0 0 0 0 0 0 0 0 0 0 0 0 0 0 0 0 0 0 
Parameter D0{K0S0,rho(770)0{pi+,pi-}}_Re 2 1 0 0 0 0 0 0 0 0 0 0 0 0 0 0 0 0 0 0 0 0 0 0 0 0 0 0 0 0 0 0 0 0 0 0 0 0 0 0 0 0 0 0 0 0 0 0 0 0 0 0 0 0 0 0 0 0 0 0 0 0 0 0 0 0 0 0 0 0 0 0 0 0 0 0 0 0 0 0 0 0 0 0 0 0 0 0 0 0 0 0 0 0 0 0 0 0 0 0 0 0 0 0 0 0 0 0 0 0 0 0 0 0 0 0 0 0 0 0 0 0 0 0 0 0 0 0 0 0 0 0 0 0 0 0 0 0 0 0 0 0 0 0 0 0 0 0 0 0 0 0 0 0 0 0 0 0 0 0 0 0 0 0 0 0 0 0 
Parameter D0{K0S0,rho(770)0{pi+,pi-}}_Im 2 0 0 0 0 0 0 0 0 0 0 0 0 0 0 0 0 0 0 0 0 0 0 0 0 0 0 0 0 0 0 0 0 0 0 0 0 0 0 0 0 0 0 0 0 0 0 0 0 0 0 0 0 0 0 0 0 0 0 0 0 0 0 0 0 0 0 0 0 0 0 0 0 0 0 0 0 0 0 0 0 0 0 0 0 0 0 0 0 0 0 0 0 0 0 0 0 0 0 0 0 0 0 0 0 0 0 0 0 0 0 0 0 0 0 0 0 0 0 0 0 0 0 0 0 0 0 0 0 0 0 0 0 0 0 0 0 0 0 0 0 0 0 0 0 0 0 0 0 0 0 0 0 0 0 0 0 0 0 0 0 0 0 0 0 0 0 0 
Parameter D0{pi+,pi-}_Re 2 1 0 0 0 0 0 0 0 0 0 0 0 0 0 0 0 0 0 0 0 0 0 0 0 0 0 0 0 0 0 0 0 0 0 0 0 0 0 0 0 0 0 0 0 0 0 0 0 0 0 0 0 0 0 0 0 0 0 0 0 0 0 0 0 0 0 0 0 0 0 0 0 0 0 0 0 0 0 0 0 0 0 0 0 0 0 0 0 0 0 0 0 0 0 0 0 0 0 0 0 0 0 0 0 0 0 0 0 0 0 0 0 0 0 0 0 0 0 0 0 0 0 0 0 0 0 0 0 0 0 0 0 0 0 0 0 0 0 0 0 0 0 0 0 0 0 0 0 0 0 0 0 0 0 0 0 0 0 0 0 0 0 0 0 0 0 0 
Parameter D0{pi+,pi-}_Im 2 0 0 0 0 0 0 0 0 0 0 0 0 0 0 0 0 0 0 0 0 0 0 0 0 0 0 0 0 0 0 0 0 0 0 0 0 0 0 0 0 0 0 0 0 0 0 0 0 0 0 0 0 0 0 0 0 0 0 0 0 0 0 0 0 0 0 0 0 0 0 0 0 0 0 0 0 0 0 0 0 0 0 0 0 0 0 0 0 0 0 0 0 0 0 0 0 0 0 0 0 0 0 0 0 0 0 0 0 0 0 0 0 0 0 0 0 0 0 0 0 0 0 0 0 0 0 0 0 0 0 0 0 0 0 0 0 0 0 0 0 0 0 0 0 0 0 0 0 0 0 0 0 0 0 0 0 0 0 0 0 0 0 0 0 0 0 0 
Parameter Dbar0_radius 2 5 0 0 0 0 0 0 0 0 0 0 0 0 0 0 0 0 0 0 0 0 0 0 0 0 0 0 0 0 0 0 0 0 0 0 0 0 0 0 0 0 0 0 0 0 0 0 0 0 0 0 0 0 0 0 0 0 0 0 0 0 0 0 0 0 0 0 0 0 0 0 0 0 0 0 0 0 0 0 0 0 0 0 0 0 0 0 0 0 0 0 0 0 0 0 0 0 0 0 0 0 0 0 0 0 0 0 0 0 0 0 0 0 0 0 0 0 0 0 0 0 0 0 0 0 0 0 0 0 0 0 0 0 0 0 0 0 0 0 0 0 0 0 0 0 0 0 0 0 0 0 0 0 0 0 0 0 0 0 0 0 0 0 0 0 0 0 
Parameter Dbar0{K(0)*(1430)+[GLASS]{K0S0,pi+},pi-}_Re 0 0.0258433 5244.92 0 1.18498e-05 -1.02947e-05 -6.27591e-07 8.68141e-07 -6.75594e-07 -3.77363e-06 6.55312e-08 -1.0756e-06 -9.55913e-07 1.97453e-06 -6.2417e-06 -1.7685e-05 -5.72448e-06 3.421e-05 1.35107e-06 -4.49657e-07 3.4851e-08 -6.98299e-07 0 0 0 0 0 0 1.84979e-06 2.61662e-06 -5.38089e-07 -1.86288e-07 0 0 -1.61769e-06 -2.01932e-05 0 0 0 0 0 2.75092e+07 8.44318e-10 -9.13033e-12 6.74956e-10 2.02886e-17 5.35123e-17 -4.32052e-17 9.94113e-10 -2.85057e-17 2.35999e-17 3.88174e-17 -3.58588e-17 9.03676e-18 -4.17396e-18 -1.19417e-17 1.0857e-17 1.91398e-19 -2.3203e-17 0 0 0 0 0 0 4.00267e-17 -4.2439e-17 -4.41244e-17 -2.10932e-19 0 0 -1.86104e-17 -9.47675e-18 0 0 0 0 0 0 0 0 0 0 0 0 0 0 0 0 0 0 0 0 0 0 0 0 0 0 0 0 0 0 0 0 0 0 0 0 0 0 0 0 0 0 0 0 0 0 0 0 0 0 -4.24337e-09 -7.41068e-07 3.97843e-06 9.7547e-06 -3.82633e-05 7.25255e-05 -4.60379e-05 -1.79132e-05 -4.9817e-07 3.05959e-07 5.6634e-06 2.14981e-05 1.17885e-05 -8.27124e-05 7.96849e-06 5.1847e-06 0 0 0 0 0 0 0 0 0 0 0 0 0 0 0 0 0 0 0 0 0 0 0 0 0 0 0 0 0 
Parameter Dbar0{K(0)*(1430)+[GLASS]{K0S0,pi+},pi-}_Im 0 -0.194501 4505.61 0 -1.07311e-05 1.00742e-05 5.2538e-07 -7.5144e-07 9.08985e-07 3.28969e-06 -8.61648e-08 9.57875e-07 6.04095e-07 -1.4287e-06 6.06674e-06 1.5409e-05 4.64538e-06 -3.12553e-05 -1.15808e-06 3.67514e-07 -5.12937e-08 5.77865e-07 0 0 0 0 0 0 -1.3323e-06 -1.94012e-06 4.83214e-07 1.51867e-07 0 0 1.90086e-06 1.82167e-05 0 0 0 0 0 8.44318e-10 2.03005e+07 8.5324e-12 -5.67142e-10 -1.74699e-17 -4.50211e-17 3.59085e-17 -8.35675e-10 2.38765e-17 -1.97965e-17 -3.26123e-17 3.00694e-17 -7.6357e-18 3.46315e-18 1.00941e-17 -9.10679e-18 -2.35167e-19 1.90169e-17 0 0 0 0 0 0 -3.34928e-17 3.59665e-17 3.69591e-17 1.75289e-19 0 0 1.55014e-17 7.99635e-18 0 0 0 0 0 0 0 0 0 0 0 0 0 0 0 0 0 0 0 0 0 0 0 0 0 0 0 0 0 0 0 0 0 0 0 0 0 0 0 0 0 0 0 0 0 0 0 0 0 0 -4.30666e-07 2.63282e-07 -3.50354e-06 -9.08353e-06 3.49958e-05 -5.93304e-05 4.15234e-05 1.34069e-05 3.61253e-07 -5.61738e-07 -4.60684e-06 -1.91705e-05 -7.12697e-06 7.65013e-05 -7.77565e-06 -5.46182e-06 0 0 0 0 0 0 0 0 0 0 0 0 0 0 0 0 0 0 0 0 0 0 0 0 0 0 0 0 0 
Parameter Dbar0{K(0)*(1430)bar-[GLASS]{K0S0,pi-},pi+}_Re 0 0.00956398 3541.12 0 -2.25462e-07 3.68354e-07 -2.96716e-09 -4.79217e-09 1.19246e-08 1.18036e-07 -2.00971e-08 1.25712e-08 3.27604e-09 2.69489e-08 2.26313e-07 1.68659e-07 -1.89196e-08 -7.92972e-07 -1.20475e-09 -2.58159e-09 -8.80792e-09 -3.37647e-09 0 0 0 0 0 0 6.26388e-08 4.12594e-08 3.33929e-09 -1.42275e-09 0 0 1.94685e-07 2.96455e-07 0 0 0 0 0 -9.13033e-12 8.5324e-12 1.25396e+07 6.72104e-12 -7.66832e-20 5.17696e-19 -7.11364e-19 9.69362e-12 -2.99243e-19 2.42943e-19 3.85411e-19 -3.65151e-19 1.12412e-19 -1.99742e-20 -9.24748e-20 1.12436e-19 -1.77798e-20 -4.73388e-19 0 0 0 0 0 0 4.3237e-19 -2.40749e-19 -4.72723e-19 1.66913e-21 0 0 -2.27718e-19 -1.19922e-19 0 0 0 0 0 0 0 0 0 0 0 0 0 0 0 0 0 0 0 0 0 0 0 0 0 0 0 0 0 0 0 0 0 0 0 0 0 0 0 0 0 0 0 0 0 0 0 0 0 0 -1.15773e-07 -7.76313e-08 -4.60234e-08 -2.79537e-07 7.45194e-07 2.27091e-07 7.8361e-07 -3.69451e-07 -1.39661e-08 -7.39037e-08 9.44218e-09 -3.2382e-07 7.32501e-07 1.8874e-06 -2.93206e-07 -3.02394e-07 0 0 0 0 0 0 0 0 0 0 0 0 0 0 0 0 0 0 0 0 0 0 0 0 0 0 0 0 0 
Parameter Dbar0{K(0)*(1430)bar-[GLASS]{K0S0,pi-},pi+}_Im 0 0.00584153 3610.64 0 -8.47869e-06 7.82385e-06 4.27678e-07 -6.08467e-07 6.92877e-07 2.5993e-06 -9.64609e-08 7.62313e-07 5.36787e-07 -1.17774e-06 4.69542e-06 1.24263e-05 3.97807e-06 -2.48709e-05 -9.2637e-07 3.00038e-07 -4.46927e-08 4.7624e-07 0 0 0 0 0 0 -1.15028e-06 -1.6384e-06 3.77369e-07 1.23937e-07 0 0 1.39936e-06 1.45089e-05 0 0 0 0 0 6.74956e-10 -5.67142e-10 6.72104e-12 1.30368e+07 -1.41188e-17 -3.59982e-17 2.85615e-17 -6.68336e-10 1.91155e-17 -1.58415e-17 -2.60841e-17 2.40674e-17 -6.04692e-18 2.82956e-18 8.06011e-18 -7.28635e-18 -1.74595e-19 1.51602e-17 0 0 0 0 0 0 -2.68286e-17 2.88322e-17 2.95832e-17 1.39704e-19 0 0 1.24257e-17 6.34211e-18 0 0 0 0 0 0 0 0 0 0 0 0 0 0 0 0 0 0 0 0 0 0 0 0 0 0 0 0 0 0 0 0 0 0 0 0 0 0 0 0 0 0 0 0 0 0 0 0 0 0 -2.37635e-07 2.84005e-07 -2.82001e-06 -7.10507e-06 2.75894e-05 -4.82024e-05 3.28608e-05 1.11906e-05 3.05813e-07 -3.86836e-07 -3.74661e-06 -1.52249e-05 -6.4007e-06 6.01756e-05 -6.0246e-06 -4.13514e-06 0 0 0 0 0 0 0 0 0 0 0 0 0 0 0 0 0 0 0 0 0 0 0 0 0 0 0 0 0 
Parameter Dbar0{K(2)*(1430)+{K0S0,pi+},pi-}_Re 0 -42.9997 1.41421 0 -2.40831e-15 3.03859e-14 -8.38174e-15 6.07175e-15 6.42476e-14 -6.7843e-14 1.80926e-14 -5.41964e-17 -1.56711e-14 2.04309e-14 -6.78532e-14 -2.59274e-13 -2.77884e-13 5.73956e-13 9.59773e-15 -6.3215e-16 -9.84196e-15 -1.04303e-14 0 0 0 0 0 0 4.0869e-14 2.49207e-14 6.01441e-15 -9.54449e-15 0 0 1.21805e-13 -9.96348e-14 0 0 0 0 0 2.02886e-17 -1.74699e-17 -7.66832e-20 -1.41188e-17 2 -1.10652e-24 1.41577e-24 -2.06532e-17 5.83114e-25 -4.87212e-25 -8.03291e-25 7.30032e-25 -3.02569e-25 -1.93963e-26 2.3477e-25 -2.28153e-25 -2.83265e-27 8.10927e-25 0 0 0 0 0 0 -8.06998e-25 5.90684e-25 9.26654e-25 5.48743e-29 0 0 3.87636e-25 3.01706e-25 0 0 0 0 0 0 0 0 0 0 0 0 0 0 0 0 0 0 0 0 0 0 0 0 0 0 0 0 0 0 0 0 0 0 0 0 0 0 0 0 0 0 0 0 0 0 0 0 0 0 -1.94069e-14 -1.31688e-14 4.00668e-14 -7.54866e-14 9.56502e-14 2.35015e-13 1.63148e-13 -1.85265e-13 8.25043e-17 -6.11115e-15 1.36065e-14 -1.29729e-14 1.86364e-13 8.01662e-14 -4.7191e-14 -7.13134e-14 0 0 0 0 0 0 0 0 0 0 0 0 0 0 0 0 0 0 0 0 0 0 0 0 0 0 0 0 0 
Parameter Dbar0{K(2)*(1430)+{K0S0,pi+},pi-}_Im 0 0.104979 1.41421 0 -6.6178e-13 5.93926e-13 3.37412e-14 -4.77578e-14 4.5903e-14 2.04895e-13 -6.22647e-15 5.90165e-14 4.86946e-14 -9.83205e-14 3.56283e-13 9.74407e-13 3.1265e-13 -1.91995e-12 -7.27696e-14 2.43135e-14 -2.66221e-15 3.81948e-14 0 0 0 0 0 0 -9.57417e-14 -1.3983e-13 2.95294e-14 1.00881e-14 0 0 1.0578e-13 1.12915e-12 0 0 0 0 0 5.35123e-17 -4.50211e-17 5.17696e-19 -3.59982e-17 -1.10652e-24 2 2.28008e-24 -5.3042e-17 1.51886e-24 -1.25785e-24 -2.07022e-24 1.91172e-24 -4.7994e-25 2.2466e-25 6.38846e-25 -5.78634e-25 -1.23361e-26 1.21616e-24 0 0 0 0 0 0 -2.13259e-24 2.27953e-24 2.35061e-24 1.14258e-26 0 0 9.8884e-25 5.03795e-25 0 0 0 0 0 0 0 0 0 0 0 0 0 0 0 0 0 0 0 0 0 0 0 0 0 0 0 0 0 0 0 0 0 0 0 0 0 0 0 0 0 0 0 0 0 0 0 0 0 0 -8.72577e-15 3.17877e-14 -2.24546e-13 -5.55809e-13 2.14629e-12 -3.89919e-12 2.57633e-12 9.46804e-13 2.59061e-14 -2.31317e-14 -3.07543e-13 -1.19868e-12 -5.98156e-13 4.69043e-12 -4.57671e-13 -3.08006e-13 0 0 0 0 0 0 0 0 0 0 0 0 0 0 0 0 0 0 0 0 0 0 0 0 0 0 0 0 0 
Parameter Dbar0{K(2)*(1430)bar-{K0S0,pi-},pi+}_Re 0 0.0133101 1.41421 0 8.11219e-13 -7.04546e-13 -4.83439e-14 6.39924e-14 4.09873e-15 -3.16566e-13 2.89281e-14 -7.36243e-14 -8.69851e-14 1.55598e-13 -4.94628e-13 -1.44236e-12 -6.67559e-13 2.9031e-12 1.00275e-13 -2.77851e-14 -7.15862e-15 -5.56679e-14 0 0 0 0 0 0 1.60742e-13 1.88649e-13 -2.86401e-14 -2.22264e-14 0 0 -2.23966e-14 -1.47704e-12 0 0 0 0 0 -4.32052e-17 3.59085e-17 -7.11364e-19 2.85615e-17 1.41577e-24 2.28008e-24 2 4.22607e-17 -1.21798e-24 1.00467e-24 1.65112e-24 -1.53753e-24 2.67498e-25 -2.86693e-25 -5.23768e-25 4.57643e-25 1.26873e-26 -6.20963e-25 0 0 0 0 0 0 1.71994e-24 -2.11986e-24 -1.85839e-24 -1.35717e-26 0 0 -7.81962e-25 -2.96044e-25 0 0 0 0 0 0 0 0 0 0 0 0 0 0 0 0 0 0 0 0 0 0 0 0 0 0 0 0 0 0 0 0 0 0 0 0 0 0 0 0 0 0 0 0 0 0 0 0 0 0 -3.37287e-15 -5.13258e-14 3.09577e-13 6.094e-13 -2.51602e-12 4.96302e-12 -2.98359e-12 -1.28736e-12 -3.09526e-14 2.36175e-14 3.87222e-13 1.44518e-12 8.34208e-13 -5.63923e-12 5.20987e-13 3.17915e-13 0 0 0 0 0 0 0 0 0 0 0 0 0 0 0 0 0 0 0 0 0 0 0 0 0 0 0 0 0 
Parameter Dbar0{K(2)*(1430)bar-{K0S0,pi-},pi+}_Im 0 0.0168402 5274.09 0 -1.21276e-05 1.11803e-05 6.31589e-07 -8.74481e-07 9.51581e-07 3.75954e-06 -1.00594e-07 1.102e-06 6.34948e-07 -1.60606e-06 6.83403e-06 1.81048e-05 5.68101e-06 -3.62273e-05 -1.36098e-06 4.46864e-07 -4.87719e-08 6.99395e-07 0 0 0 0 0 0 -1.59913e-06 -2.28474e-06 5.49738e-07 1.77512e-07 0 0 1.80534e-06 2.08229e-05 0 0 0 0 0 9.94113e-10 -8.35675e-10 9.69362e-12 -6.68336e-10 -2.06532e-17 -5.3042e-17 4.22607e-17 2.78161e+07 2.81574e-17 -2.33416e-17 -3.8441e-17 3.54441e-17 -8.93634e-18 4.12655e-18 1.18669e-17 -1.07378e-17 -2.48709e-19 2.2491e-17 0 0 0 0 0 0 -3.95206e-17 4.23544e-17 4.35989e-17 2.00735e-19 0 0 1.83311e-17 9.36195e-18 0 0 0 0 0 0 0 0 0 0 0 0 0 0 0 0 0 0 0 0 0 0 0 0 0 0 0 0 0 0 0 0 0 0 0 0 0 0 0 0 0 0 0 0 0 0 0 0 0 0 -3.45737e-07 3.82638e-07 -4.01914e-06 -1.00385e-05 3.96067e-05 -6.90019e-05 4.68345e-05 1.59458e-05 4.34898e-07 -5.79849e-07 -5.2637e-06 -2.17547e-05 -9.19558e-06 8.58282e-05 -8.62853e-06 -5.86053e-06 0 0 0 0 0 0 0 0 0 0 0 0 0 0 0 0 0 0 0 0 0 0 0 0 0 0 0 0 0 
Parameter Dbar0{K*(1410)+{K0S0,pi+},pi-}_Re 0 -0.0339155 1.41421 0 3.58329e-13 -3.62137e-13 -1.70904e-14 2.48788e-14 -3.66826e-14 -1.08745e-13 3.11182e-15 -3.24255e-14 -8.76829e-15 3.83998e-14 -2.12144e-13 -5.16799e-13 -1.44877e-13 1.07606e-12 3.80906e-14 -1.22094e-14 2.04126e-15 -1.87718e-14 0 0 0 0 0 0 3.12901e-14 5.29811e-14 -1.62318e-14 -4.67917e-15 0 0 -7.32037e-14 -6.20274e-13 0 0 0 0 0 -2.85057e-17 2.38765e-17 -2.99243e-19 1.91155e-17 5.83114e-25 1.51886e-24 -1.21798e-24 2.81574e-17 2 6.6608e-25 1.09918e-24 -1.0101e-24 2.6332e-25 -1.10738e-25 -3.40962e-25 3.06621e-25 9.87242e-27 -6.40706e-25 0 0 0 0 0 0 1.12306e-24 -1.20879e-24 -1.24268e-24 -5.25831e-27 0 0 -5.18804e-25 -2.7408e-25 0 0 0 0 0 0 0 0 0 0 0 0 0 0 0 0 0 0 0 0 0 0 0 0 0 0 0 0 0 0 0 0 0 0 0 0 0 0 0 0 0 0 0 0 0 0 0 0 0 0 2.85259e-14 5.80622e-15 1.12673e-13 3.06351e-13 -1.1833e-12 1.76933e-12 -1.37461e-12 -3.42205e-13 -9.28262e-15 2.94816e-14 1.31721e-13 6.28248e-13 9.88791e-14 -2.58076e-12 2.80021e-13 2.04652e-13 0 0 0 0 0 0 0 0 0 0 0 0 0 0 0 0 0 0 0 0 0 0 0 0 0 0 0 0 0 
Parameter Dbar0{K*(1410)+{K0S0,pi+},pi-}_Im 0 0.0613357 1.41421 0 -3.00132e-13 2.8775e-13 1.44415e-14 -2.14182e-14 2.74797e-14 9.04189e-14 -4.24109e-15 2.66774e-14 1.58235e-14 -3.8341e-14 1.72596e-13 4.31887e-13 1.23508e-13 -8.88816e-13 -3.19549e-14 1.05674e-14 -1.52719e-15 1.57843e-14 0 0 0 0 0 0 -3.30584e-14 -5.50424e-14 1.352e-14 4.20948e-15 0 0 5.61283e-14 5.09072e-13 0 0 0 0 0 2.35999e-17 -1.97965e-17 2.42943e-19 -1.58415e-17 -4.87212e-25 -1.25785e-24 1.00467e-24 -2.33416e-17 6.6608e-25 2 -9.11013e-25 8.39054e-25 -2.14562e-25 9.5149e-26 2.8236e-25 -2.5429e-25 -7.12877e-27 5.30841e-25 0 0 0 0 0 0 -9.34137e-25 1.00404e-24 1.03157e-24 4.854e-27 0 0 4.32021e-25 2.24416e-25 0 0 0 0 0 0 0 0 0 0 0 0 0 0 0 0 0 0 0 0 0 0 0 0 0 0 0 0 0 0 0 0 0 0 0 0 0 0 0 0 0 0 0 0 0 0 0 0 0 0 -1.61396e-14 3.56042e-15 -9.69645e-14 -2.56639e-13 9.85385e-13 -1.60515e-12 1.16229e-12 3.56127e-13 9.31922e-15 -1.85627e-14 -1.24454e-13 -5.34857e-13 -1.56929e-13 2.15811e-12 -2.22754e-13 -1.58727e-13 0 0 0 0 0 0 0 0 0 0 0 0 0 0 0 0 0 0 0 0 0 0 0 0 0 0 0 0 0 
