Parameter D0_radius 2 5 0 0 0 0 0 0 0 0 0 0 0 0 0 0 0 0 0 0 0 0 0 0 0 0 0 0 0 0 0 0 0 0 0 0 0 0 0 0 0 0 0 0 0 0 0 0 0 0 0 0 0 0 0 0 0 0 0 0 0 0 0 0 0 0 0 0 0 0 0 0 0 0 0 0 0 0 0 0 0 0 0 0 0 0 0 0 0 0 0 0 0 0 0 0 0 0 0 0 0 0 0 0 0 0 0 0 0 0 0 0 0 0 0 0 0 0 0 0 0 0 0 0 0 0 0 0 0 0 0 0 0 0 0 0 0 0 0 0 0 0 0 0 0 0 0 0 0 0 0 0 0 0 0 0 0 0 0 0 0 0 0 0 0 0 0 0 
Parameter D0{K(0)*(1430)+[GLASS]{K0S0,pi+},pi-}_Re 0 -15.5536 0.812836 0 0.660703 -0.331679 -0.0113275 -0.00106221 -0.0245867 -0.0925563 0.000726762 -0.00207553 -0.178131 0.11647 -0.226781 -0.254098 -0.288625 1.05828 0.00519098 0.0241478 0.00109491 0.0188149 0 0 0 0 0 0 0.15953 0.0476715 -0.0228754 0.00294469 0 0 -0.171394 -0.531232 0 0 0 0 0 5.35409e-14 2.82937e-14 1.60066e-14 6.97823e-14 2.00391e-13 8.73184e-15 5.52916e-14 -2.77932e-13 -2.8246e-14 1.97664e-13 1.93158e-13 -1.39333e-13 6.75695e-14 -1.65998e-14 -1.25205e-13 1.52962e-13 2.76615e-14 -6.05368e-14 0 0 0 0 0 0 2.63388e-14 3.13096e-14 -1.11266e-13 8.52546e-14 0 0 -2.17595e-14 6.40788e-14 0 0 0 0 0 0 0 0 0 0 0 0 0 0 0 0 0 0 0 0 0 0 0 0 0 0 0 0 0 0 0 0 0 0 0 0 0 0 0 0 0 0 0 0 0 0 0 0 0 0 0.0764049 0.279563 0.0548585 1.07902 -1.51729 4.14257 -2.13913 -1.74574 0.0763775 0.0669784 -0.461956 -1.09231 4.01216 -6.18665 0.450019 0.344643 0 0 0 0 0 0 0 0 0 0 0 0 0 0 0 0 0 0 0 0 0 0 0 0 0 0 0 0 0 
Parameter D0{K(0)*(1430)+[GLASS]{K0S0,pi+},pi-}_Im 0 10.962 0.852036 0 -0.331679 0.725965 -0.00670213 0.00984998 0.267308 -0.0037697 0.0146291 0.034945 -0.0100383 -0.0749511 0.434356 0.140501 -0.262435 -1.5318 -0.00860989 -0.0361044 -0.0163097 -0.0155665 0 0 0 0 0 0 0.024987 0.043494 0.00641706 -0.00788377 0 0 0.406837 0.649691 0 0 0 0 0 1.88208e-14 -2.30865e-14 1.23586e-14 2.6584e-14 5.0598e-14 -3.32596e-14 -3.02623e-14 2.80339e-14 7.45719e-14 3.20391e-14 2.14404e-15 -1.91895e-14 -1.24669e-15 -3.09069e-14 1.47061e-14 2.45592e-14 -1.07316e-14 1.06649e-14 0 0 0 0 0 0 2.12389e-14 -3.59574e-14 -2.67784e-14 2.48209e-14 0 0 -1.25892e-14 -9.3335e-15 0 0 0 0 0 0 0 0 0 0 0 0 0 0 0 0 0 0 0 0 0 0 0 0 0 0 0 0 0 0 0 0 0 0 0 0 0 0 0 0 0 0 0 0 0 0 0 0 0 0 -0.0338661 -0.196142 0.102901 -0.534321 -1.4944 -1.47222 1.53475 -0.392446 0.0332996 -0.0288191 -0.38187 -0.217089 1.58244 2.7072 -0.408911 -0.0900703 0 0 0 0 0 0 0 0 0 0 0 0 0 0 0 0 0 0 0 0 0 0 0 0 0 0 0 0 0 
Parameter D0{K(0)*(1430)bar-[GLASS]{K0S0,pi-},pi+}_Re 0 0.0192573 0.151238 0 -0.0113275 -0.00670213 0.0228729 0.00283289 -0.0191039 0.0215641 0.00835917 -0.0427599 0.0183154 -0.0105764 -0.0587245 0.028479 0.0844855 -0.0126397 0.00368688 -0.00327112 7.01018e-05 0.000515177 0 0 0 0 0 0 -0.0120903 -0.0195267 -0.00134351 -0.000427547 0 0 -0.0112267 -0.0264149 0 0 0 0 0 -1.12691e-15 -1.80095e-14 -3.09577e-15 -8.57534e-16 7.43134e-15 -9.55357e-15 -8.80441e-15 1.89045e-14 4.63123e-15 -1.99562e-14 -2.38332e-14 7.13954e-15 -7.47778e-15 3.24027e-15 -6.39457e-15 6.73124e-15 5.80583e-16 1.2659e-14 0 0 0 0 0 0 -3.3427e-15 -1.09078e-14 1.27021e-14 5.00879e-15 0 0 1.67608e-14 3.2446e-15 0 0 0 0 0 0 0 0 0 0 0 0 0 0 0 0 0 0 0 0 0 0 0 0 0 0 0 0 0 0 0 0 0 0 0 0 0 0 0 0 0 0 0 0 0 0 0 0 0 0 -0.00662429 -0.0118658 -0.00554884 -0.0296152 0.127029 0.0133282 -0.0185986 0.0287525 -0.00678259 -0.00302765 0.0567166 0.0906109 -0.161889 0.0383352 -0.0108502 -0.00778801 0 0 0 0 0 0 0 0 0 0 0 0 0 0 0 0 0 0 0 0 0 0 0 0 0 0 0 0 0 
Parameter D0{K(0)*(1430)bar-[GLASS]{K0S0,pi-},pi+}_Im 0 -0.186075 0.155461 0 -0.00106221 0.00984998 0.00283289 0.0241681 0.0141269 -0.0117497 0.0495154 0.00815398 0.0114965 -0.0275732 -0.00601698 0.00845539 -0.0277564 -0.0529548 -0.00253777 0.000701057 -0.000156527 -0.000711906 0 0 0 0 0 0 -0.00289531 0.00600471 0.00114136 0.000601475 0 0 0.0369811 0.0275779 0 0 0 0 0 4.54804e-15 -6.20097e-15 2.26227e-15 -4.04559e-15 8.18627e-15 -2.61566e-15 -4.80333e-15 2.12735e-15 2.70969e-15 -5.02031e-16 -1.80373e-15 6.02586e-16 -4.30526e-15 -3.15133e-15 2.49289e-15 4.98136e-15 5.14833e-16 2.49597e-15 0 0 0 0 0 0 -3.35105e-16 -3.90036e-15 3.66827e-15 2.65148e-16 0 0 5.34755e-15 1.82258e-15 0 0 0 0 0 0 0 0 0 0 0 0 0 0 0 0 0 0 0 0 0 0 0 0 0 0 0 0 0 0 0 0 0 0 0 0 0 0 0 0 0 0 0 0 0 0 0 0 0 0 -0.000110595 -0.000539439 0.00839821 0.00892235 -0.0226673 -0.00905773 -0.00688291 -0.0179909 -0.000187217 3.67092e-05 -0.00400126 -0.00790952 0.0371839 -0.0274305 0.00271578 0.00288033 0 0 0 0 0 0 0 0 0 0 0 0 0 0 0 0 0 0 0 0 0 0 0 0 0 0 0 0 0 
Parameter D0{K(2)*(1430)+{K0S0,pi+},pi-}_Re 0 -0.655235 0.589377 0 -0.0245867 0.267308 -0.0191039 0.0141269 0.347365 -0.165856 0.037909 0.0270442 -0.037438 -0.0573584 0.0578508 -0.0672796 -0.150285 -0.221213 0.00111163 -0.0149303 -0.0105586 -0.00209238 0 0 0 0 0 0 -0.0239478 0.00272647 -0.00711869 0.00090994 0 0 0.231871 0.32171 0 0 0 0 0 8.28454e-15 7.69927e-15 2.57934e-15 5.56933e-15 3.38731e-14 -9.09956e-15 -1.29861e-14 -1.34239e-14 1.40152e-14 1.36849e-14 1.10948e-14 -8.50164e-15 3.40147e-15 -1.41846e-14 1.10048e-14 7.68235e-15 1.9056e-15 3.5057e-15 0 0 0 0 0 0 4.9959e-15 -1.5635e-14 -1.06157e-14 1.41916e-14 0 0 -9.34086e-15 -5.53985e-15 0 0 0 0 0 0 0 0 0 0 0 0 0 0 0 0 0 0 0 0 0 0 0 0 0 0 0 0 0 0 0 0 0 0 0 0 0 0 0 0 0 0 0 0 0 0 0 0 0 0 0.0190647 -0.0447849 0.0551448 -0.0865571 -0.566123 -0.0415891 0.156666 -0.0563334 0.01677 -0.00135759 -0.137472 -0.250881 0.231963 -0.0291286 -0.0646696 0.0243546 0 0 0 0 0 0 0 0 0 0 0 0 0 0 0 0 0 0 0 0 0 0 0 0 0 0 0 0 0 
Parameter D0{K(2)*(1430)+{K0S0,pi+},pi-}_Im 0 2.18453 0.52536 0 -0.0925563 -0.0037697 0.0215641 -0.0117497 -0.165856 0.276004 -0.0292037 -0.0375047 0.015796 0.019381 0.0996855 0.124837 0.0476786 -0.495538 -0.00522965 0.00511507 0.00716913 -0.00170085 0 0 0 0 0 0 -0.0147042 -0.0441476 0.00758757 -0.00463645 0 0 -0.117175 -0.178527 0 0 0 0 0 -3.65668e-15 -2.06961e-14 -2.64968e-15 1.54893e-15 -1.24461e-14 -7.89461e-15 -5.88527e-15 3.29574e-14 8.05458e-15 -2.11076e-14 -2.5989e-14 6.3446e-15 -7.44819e-15 8.7232e-15 -8.47013e-15 -8.09178e-16 -4.16936e-15 9.52384e-15 0 0 0 0 0 0 -2.013e-15 -7.48142e-15 1.3058e-14 -6.05003e-15 0 0 1.15491e-14 1.20822e-15 0 0 0 0 0 0 0 0 0 0 0 0 0 0 0 0 0 0 0 0 0 0 0 0 0 0 0 0 0 0 0 0 0 0 0 0 0 0 0 0 0 0 0 0 0 0 0 0 0 0 -0.0312272 -0.0177937 -1.51649e-05 -0.105606 0.109881 -0.454155 0.207581 0.0267251 -0.0115572 -0.0109212 0.0530239 0.204692 0.0822766 0.424385 -0.0659494 -0.0255556 0 0 0 0 0 0 0 0 0 0 0 0 0 0 0 0 0 0 0 0 0 0 0 0 0 0 0 0 0 
Parameter D0{K(2)*(1430)bar-{K0S0,pi-},pi+}_Re 0 -0.915116 0.457446 0 0.000726762 0.0146291 0.00835917 0.0495154 0.037909 -0.0292037 0.209256 0.0233461 0.0126778 -0.0633707 0.0152205 -0.0597682 -0.146006 -0.0844779 -0.000459369 0.00223749 0.00123889 -0.00210631 0 0 0 0 0 0 -0.0527307 -0.00078087 -0.00278655 0.0018063 0 0 0.0936118 0.0226226 0 0 0 0 0 1.06041e-14 -7.50969e-15 9.82103e-15 -1.22177e-14 2.36483e-14 -1.11353e-16 -1.48636e-14 5.42712e-17 3.4605e-17 -8.63295e-16 -2.78716e-15 -2.12645e-15 -1.02749e-14 -8.34656e-15 9.94321e-15 9.44531e-15 -4.8434e-16 1.06335e-15 0 0 0 0 0 0 -8.53879e-16 -8.5035e-15 9.62306e-15 -2.28284e-15 0 0 2.86764e-15 7.72454e-15 0 0 0 0 0 0 0 0 0 0 0 0 0 0 0 0 0 0 0 0 0 0 0 0 0 0 0 0 0 0 0 0 0 0 0 0 0 0 0 0 0 0 0 0 0 0 0 0 0 0 0.0045866 0.00247969 0.00333653 0.0236674 -0.0907618 -0.0104097 0.00311819 -0.0259054 0.00209458 0.00117114 -0.027245 -0.049244 0.0355009 -0.151101 0.0111635 0.00617925 0 0 0 0 0 0 0 0 0 0 0 0 0 0 0 0 0 0 0 0 0 0 0 0 0 0 0 0 0 
Parameter D0{K(2)*(1430)bar-{K0S0,pi-},pi+}_Im 0 0.734993 0.422591 0 -0.00207553 0.034945 -0.0427599 0.00815398 0.0270442 -0.0375047 0.0233461 0.178583 -0.031881 0.0287569 0.197772 -0.0212087 -0.204119 -0.137992 -0.00997703 -0.000890047 -0.000291874 -0.00184312 0 0 0 0 0 0 0.0156601 0.0479584 0.00499491 -0.00114308 0 0 -0.0156825 0.0854072 0 0 0 0 0 5.0439e-15 4.89704e-14 1.25978e-14 -3.41878e-15 -2.46972e-14 2.66341e-14 1.94243e-14 -4.0211e-14 -1.43798e-14 5.00373e-14 6.11065e-14 -1.5835e-14 1.92685e-14 -1.02716e-14 2.68234e-14 -2.31472e-14 -3.46723e-15 -3.37279e-14 0 0 0 0 0 0 6.09805e-15 2.74674e-14 -3.10162e-14 -1.6864e-14 0 0 -5.05633e-14 -1.16762e-14 0 0 0 0 0 0 0 0 0 0 0 0 0 0 0 0 0 0 0 0 0 0 0 0 0 0 0 0 0 0 0 0 0 0 0 0 0 0 0 0 0 0 0 0 0 0 0 0 0 0 0.0205946 0.0267325 -0.000406091 0.0512397 -0.313528 -0.23838 0.132547 -0.0378821 0.017246 0.00534667 -0.1441 -0.212773 0.351013 0.0905355 0.0131112 0.0130039 0 0 0 0 0 0 0 0 0 0 0 0 0 0 0 0 0 0 0 0 0 0 0 0 0 0 0 0 0 
Parameter D0{K*(1410)+{K0S0,pi+},pi-}_Re 0 4.03868 0.765439 0 -0.178131 -0.0100383 0.0183154 0.0114965 -0.037438 0.015796 0.0126778 -0.031881 0.585897 -0.456186 0.148365 0.0725102 -0.423235 -0.715761 0.000729639 0.00297167 6.08088e-05 -0.00998806 0 0 0 0 0 0 -0.0451254 -0.0040121 -0.00334313 0.010501 0 0 0.324127 0.345808 0 0 0 0 0 -2.19687e-14 -2.27233e-14 2.454e-14 -5.0243e-14 -4.57027e-14 3.62978e-14 -3.96843e-14 5.74815e-14 5.67071e-16 -5.2334e-14 -6.28637e-14 2.25782e-14 -5.874e-14 -1.92656e-14 4.64981e-14 -1.61007e-14 -1.52923e-14 4.76819e-15 0 0 0 0 0 0 1.95355e-15 7.5694e-15 5.63174e-14 -3.79402e-14 0 0 1.55403e-14 2.91121e-14 0 0 0 0 0 0 0 0 0 0 0 0 0 0 0 0 0 0 0 0 0 0 0 0 0 0 0 0 0 0 0 0 0 0 0 0 0 0 0 0 0 0 0 0 0 0 0 0 0 0 -0.00029939 -0.0450449 -0.0229346 -0.163847 0.591108 -1.39977 0.510004 0.541198 -0.0212811 -0.0138125 0.153082 0.29855 -1.10401 1.86734 -0.0631711 -0.101372 0 0 0 0 0 0 0 0 0 0 0 0 0 0 0 0 0 0 0 0 0 0 0 0 0 0 0 0 0 
Parameter D0{K*(1410)+{K0S0,pi+},pi-}_Im 0 -2.27889 1.06525 0 0.11647 -0.0749511 -0.0105764 -0.0275732 -0.0573584 0.019381 -0.0633707 0.0287569 -0.456186 1.13475 -0.187647 0.0226863 0.54667 0.73371 -0.00280756 0.0289391 0.000979399 0.00919318 0 0 0 0 0 0 0.0631378 0.0158905 0.00541545 0.000980877 0 0 -0.388389 -0.307287 0 0 0 0 0 4.99031e-15 2.7565e-14 -2.13581e-14 3.75971e-14 -1.6729e-14 -2.15772e-14 4.92006e-14 -2.38399e-14 -1.01275e-14 2.4829e-14 4.19448e-14 7.12025e-16 5.21086e-14 2.24841e-14 -2.57824e-14 -1.05358e-14 9.47369e-15 -4.47124e-15 0 0 0 0 0 0 -6.18223e-15 4.9146e-15 -4.17826e-14 2.27245e-14 0 0 -2.18305e-14 -3.86245e-14 0 0 0 0 0 0 0 0 0 0 0 0 0 0 0 0 0 0 0 0 0 0 0 0 0 0 0 0 0 0 0 0 0 0 0 0 0 0 0 0 0 0 0 0 0 0 0 0 0 0 -0.000864439 0.0410988 -0.0386675 0.0878866 -0.0842976 0.934247 -0.284524 -0.282558 0.00565416 0.00987096 -0.0385679 -0.0624215 0.244218 -0.938565 0.0622168 0.037937 0 0 0 0 0 0 0 0 0 0 0 0 0 0 0 0 0 0 0 0 0 0 0 0 0 0 0 0 0 
Parameter D0{K*(1410)bar-{K0S0,pi-},pi+}_Re 0 5.33558 1.09509 0 -0.226781 0.434356 -0.0587245 -0.00601698 0.0578508 0.0996855 0.0152205 0.197772 0.148365 -0.187647 1.19923 0.0659456 -1.25182 -2.00029 -0.0344228 -0.0230933 0.0100222 -0.00938732 0 0 0 0 0 0 -0.0354748 -0.0646904 0.00464745 -0.00635599 0 0 0.310415 0.526578 0 0 0 0 0 6.25201e-16 9.85152e-14 5.44933e-14 -4.85985e-15 -6.96196e-15 7.84042e-14 6.22254e-15 -7.73154e-14 -2.10064e-14 1.08576e-13 1.21714e-13 -7.5672e-14 2.79766e-14 -4.47879e-14 6.12995e-14 -2.49916e-14 -2.40934e-14 -7.06974e-14 0 0 0 0 0 0 2.1697e-14 3.81002e-14 -6.39876e-14 -2.82833e-14 0 0 -1.51027e-13 3.38657e-15 0 0 0 0 0 0 0 0 0 0 0 0 0 0 0 0 0 0 0 0 0 0 0 0 0 0 0 0 0 0 0 0 0 0 0 0 0 0 0 0 0 0 0 0 0 0 0 0 0 0 0.0438986 -0.0222053 0.0331817 -0.267671 -1.55275 -1.62995 1.032 -0.192268 0.0596579 -0.00394931 -0.505076 -0.586413 1.58451 1.01174 -0.22172 -0.0121089 0 0 0 0 0 0 0 0 0 0 0 0 0 0 0 0 0 0 0 0 0 0 0 0 0 0 0 0 0 
Parameter D0{K*(1410)bar-{K0S0,pi-},pi+}_Im 0 5.98979 0.855652 0 -0.254098 0.140501 0.028479 0.00845539 -0.0672796 0.124837 -0.0597682 -0.0212087 0.0725102 0.0226863 0.0659456 0.73214 0.453869 -1.23714 0.000903458 0.000595922 -0.0128751 0.0149414 0 0 0 0 0 0 0.0345995 0.0331234 -0.000533317 0.00335128 0 0 0.086937 0.300949 0 0 0 0 0 -2.12168e-14 -1.77286e-14 -1.24211e-14 -2.62757e-14 -9.0846e-14 -8.39062e-15 -1.02378e-14 1.19066e-13 1.39239e-14 -7.77225e-14 -7.43007e-14 6.28408e-14 -2.13874e-14 7.89048e-15 5.04535e-14 -5.86482e-14 -7.73099e-15 3.52144e-14 0 0 0 0 0 0 -1.47389e-14 -1.33961e-14 4.33283e-14 -2.74165e-14 0 0 1.39778e-14 -3.69226e-14 0 0 0 0 0 0 0 0 0 0 0 0 0 0 0 0 0 0 0 0 0 0 0 0 0 0 0 0 0 0 0 0 0 0 0 0 0 0 0 0 0 0 0 0 0 0 0 0 0 0 -0.0306337 -0.116488 -0.0065196 -0.398413 0.692495 -1.67082 0.713716 0.765315 -0.03413 -0.0302599 0.225536 0.447269 -1.87446 2.74028 -0.173382 -0.10897 0 0 0 0 0 0 0 0 0 0 0 0 0 0 0 0 0 0 0 0 0 0 0 0 0 0 0 0 0 
Parameter D0{K*(1680)bar-{K0S0,pi-},pi+}_Re 0 5.75887 1.76708 0 -0.288625 -0.262435 0.0844855 -0.0277564 -0.150285 0.0476786 -0.146006 -0.204119 -0.423235 0.54667 -1.25182 0.453869 3.12256 1.70321 0.0232861 0.0374921 -0.0257108 0.0394999 0 0 0 0 0 0 -0.064174 0.0207636 0.0206616 0.000809752 0 0 -0.759776 -0.208194 0 0 0 0 0 -4.64232e-14 -1.29208e-13 -1.15175e-13 -3.01221e-14 -2.09122e-13 -1.38822e-13 -1.70952e-14 3.67253e-13 4.8885e-14 -3.16377e-13 -3.06782e-13 2.51801e-13 -5.52282e-14 9.66464e-14 2.45561e-14 -1.49314e-13 1.7113e-14 1.47406e-13 0 0 0 0 0 0 -5.75935e-14 -7.41648e-14 1.49191e-13 -3.17209e-14 0 0 2.04963e-13 -1.1672e-13 0 0 0 0 0 0 0 0 0 0 0 0 0 0 0 0 0 0 0 0 0 0 0 0 0 0 0 0 0 0 0 0 0 0 0 0 0 0 0 0 0 0 0 0 0 0 0 0 0 0 -0.118518 -0.221165 -0.129482 -0.58505 3.57077 -1.44191 0.413317 1.69689 -0.144583 -0.0621273 1.16476 1.83663 -5.65478 3.99838 -0.146521 -0.252542 0 0 0 0 0 0 0 0 0 0 0 0 0 0 0 0 0 0 0 0 0 0 0 0 0 0 0 0 0 
Parameter D0{K*(1680)bar-{K0S0,pi-},pi+}_Im 0 -17.1618 3.06713 0 1.05828 -1.5318 -0.0126397 -0.0529548 -0.221213 -0.495538 -0.0844779 -0.137992 -0.715761 0.73371 -2.00029 -1.23714 1.70321 9.40731 0.0464851 0.0740047 -0.0183079 0.0445183 0 0 0 0 0 0 0.115363 0.0151508 0.0145161 -0.00657116 0 0 -1.10636 -2.17707 0 0 0 0 0 2.98109e-14 -8.41771e-14 -8.5864e-14 4.91831e-14 9.13019e-14 -1.00222e-13 9.23075e-14 -9.75202e-14 -3.72e-14 -1.00741e-14 -9.08063e-15 3.55194e-14 4.21112e-14 8.45866e-14 -1.93745e-13 8.70435e-14 5.50963e-14 2.67465e-14 0 0 0 0 0 0 -2.42038e-14 1.65442e-14 -5.38413e-15 6.58032e-14 0 0 1.92782e-13 1.69469e-14 0 0 0 0 0 0 0 0 0 0 0 0 0 0 0 0 0 0 0 0 0 0 0 0 0 0 0 0 0 0 0 0 0 0 0 0 0 0 0 0 0 0 0 0 0 0 0 0 0 0 -0.00791939 0.414259 -0.115262 1.44792 2.68407 6.82743 -3.42547 -1.03783 -0.0604312 0.106862 0.654129 0.557971 0.226561 -7.30178 0.954005 0.0828841 0 0 0 0 0 0 0 0 0 0 0 0 0 0 0 0 0 0 0 0 0 0 0 0 0 0 0 0 0 
Parameter D0{K*(892)+{K0S0,pi+},pi-}_Re 0 -0.018781 0.210749 0 0.00519098 -0.00860989 0.00368688 -0.00253777 0.00111163 -0.00522965 -0.000459369 -0.00997703 0.000729639 -0.00280756 -0.0344228 0.000903458 0.0232861 0.0464851 0.0444149 0.00276919 0.00137191 0.000240785 0 0 0 0 0 0 0.00807443 -0.0138133 0.000590695 0.0004426 0 0 -0.0136368 0.00798878 0 0 0 0 0 -1.87359e-15 -2.73312e-15 -2.00929e-15 1.15817e-15 -2.06331e-15 -1.88048e-15 2.51238e-16 4.51399e-15 2.42425e-17 -5.18048e-15 -6.31172e-15 1.39943e-15 9.02981e-16 2.35466e-15 -1.30095e-15 1.54585e-15 6.96795e-16 4.13602e-15 0 0 0 0 0 0 -2.48493e-15 -2.25746e-15 3.11235e-15 2.68936e-15 0 0 2.66052e-15 -1.12488e-15 0 0 0 0 0 0 0 0 0 0 0 0 0 0 0 0 0 0 0 0 0 0 0 0 0 0 0 0 0 0 0 0 0 0 0 0 0 0 0 0 0 0 0 0 0 0 0 0 0 0 -0.00286111 -0.0002597 0.00226444 -0.0125497 0.0575134 0.0508578 -0.0120367 0.0462506 -0.00277894 -0.000259168 0.0152535 0.023279 -0.0965594 0.00646862 0.00478456 -0.000635452 0 0 0 0 0 0 0 0 0 0 0 0 0 0 0 0 0 0 0 0 0 0 0 0 0 0 0 0 0 
Parameter D0{K*(892)+{K0S0,pi+},pi-}_Im 0 -0.432983 0.220812 0 0.0241478 -0.0361044 -0.00327112 0.000701057 -0.0149303 0.00511507 0.00223749 -0.000890047 0.00297167 0.0289391 -0.0230933 0.000595922 0.0374921 0.0740047 0.00276919 0.0487578 0.000615999 6.18713e-05 0 0 0 0 0 0 0.0218936 0.00224712 -5.21488e-05 0.000396574 0 0 -0.0281519 -0.045872 0 0 0 0 0 -1.63832e-16 1.19243e-15 -1.72584e-15 1.01921e-15 -1.10266e-15 9.10172e-16 4.94995e-15 -5.6058e-15 -7.5442e-16 3.49019e-15 4.24182e-15 -3.47225e-16 9.67578e-16 1.18419e-15 -2.29502e-15 1.16453e-15 1.3706e-15 -2.00027e-15 0 0 0 0 0 0 3.65089e-16 3.91899e-15 -1.82087e-15 -4.05156e-17 0 0 2.45717e-15 2.23516e-17 0 0 0 0 0 0 0 0 0 0 0 0 0 0 0 0 0 0 0 0 0 0 0 0 0 0 0 0 0 0 0 0 0 0 0 0 0 0 0 0 0 0 0 0 0 0 0 0 0 0 -0.000380339 0.011221 0.000387326 0.0417339 0.0296389 0.117121 -0.0853758 -0.0193481 -0.000211588 0.00224482 0.00331041 -0.00810999 0.0278842 -0.0992858 0.0226525 0.00659721 0 0 0 0 0 0 0 0 0 0 0 0 0 0 0 0 0 0 0 0 0 0 0 0 0 0 0 0 0 
Parameter D0{K*(892)bar-{K0S0,pi-},pi+}_Re 0 0.0224969 0.128077 0 0.00109491 -0.0163097 7.01018e-05 -0.000156527 -0.0105586 0.00716913 0.00123889 -0.000291874 6.08088e-05 0.000979399 0.0100222 -0.0128751 -0.0257108 -0.0183079 0.00137191 0.000615999 0.0164038 -0.000433854 0 0 0 0 0 0 -0.00784006 -0.00638708 -0.000465194 0.000246652 0 0 -0.00715009 -0.0180278 0 0 0 0 0 -1.55168e-15 4.90394e-15 1.97889e-15 -1.89975e-15 -3.79229e-15 5.22156e-15 8.03918e-16 -2.08584e-15 -4.98314e-15 1.28701e-16 1.55818e-15 -7.5721e-16 7.5233e-16 4.68848e-16 2.81994e-15 -3.42083e-15 -8.28548e-16 -2.89383e-15 0 0 0 0 0 0 -7.69115e-16 3.01272e-15 3.46099e-16 -2.58734e-15 0 0 -6.20208e-15 5.76003e-16 0 0 0 0 0 0 0 0 0 0 0 0 0 0 0 0 0 0 0 0 0 0 0 0 0 0 0 0 0 0 0 0 0 0 0 0 0 0 0 0 0 0 0 0 0 0 0 0 0 0 0.00370946 0.00592888 -0.0108163 0.00606045 0.0323016 -0.0188787 -0.000876937 0.0262876 4.30719e-05 0.000731586 0.00242579 0.000588394 -0.0787544 -0.0112987 0.00837874 -0.00124999 0 0 0 0 0 0 0 0 0 0 0 0 0 0 0 0 0 0 0 0 0 0 0 0 0 0 0 0 0 
Parameter D0{K*(892)bar-{K0S0,pi-},pi+}_Im 0 -0.431983 0.129548 0 0.0188149 -0.0155665 0.000515177 -0.000711906 -0.00209238 -0.00170085 -0.00210631 -0.00184312 -0.00998806 0.00919318 -0.00938732 0.0149414 0.0394999 0.0445183 0.000240785 6.18713e-05 -0.000433854 0.0167826 0 0 0 0 0 0 0.00897703 -0.00166656 -0.000256371 1.60342e-05 0 0 -0.0150066 -0.0089538 0 0 0 0 0 2.81528e-16 8.02205e-16 -2.20876e-16 1.61736e-15 1.95589e-15 -4.68492e-17 3.47415e-15 -4.40652e-15 -2.10154e-15 2.2002e-15 3.97267e-15 -1.43993e-15 3.052e-15 3.47457e-16 -2.73157e-15 1.96655e-15 6.78649e-16 3.53417e-16 0 0 0 0 0 0 -4.39679e-16 4.46374e-16 -2.57529e-15 2.4807e-15 0 0 -1.75471e-15 -4.35222e-16 0 0 0 0 0 0 0 0 0 0 0 0 0 0 0 0 0 0 0 0 0 0 0 0 0 0 0 0 0 0 0 0 0 0 0 0 0 0 0 0 0 0 0 0 0 0 0 0 0 0 0.00175168 0.00703496 -0.00311772 0.0229366 0.0133096 0.130025 -0.0529348 -0.013181 0.000130852 0.00158859 0.000141333 -0.00827812 0.016769 -0.123322 0.0158485 0.0068257 0 0 0 0 0 0 0 0 0 0 0 0 0 0 0 0 0 0 0 0 0 0 0 0 0 0 0 0 0 
Parameter D0{K+,K-}_Re 2 1 0 0 0 0 0 0 0 0 0 0 0 0 0 0 0 0 0 0 0 0 0 0 0 0 0 0 0 0 0 0 0 0 0 0 0 0 0 0 0 0 0 0 0 0 0 0 0 0 0 0 0 0 0 0 0 0 0 0 0 0 0 0 0 0 0 0 0 0 0 0 0 0 0 0 0 0 0 0 0 0 0 0 0 0 0 0 0 0 0 0 0 0 0 0 0 0 0 0 0 0 0 0 0 0 0 0 0 0 0 0 0 0 0 0 0 0 0 0 0 0 0 0 0 0 0 0 0 0 0 0 0 0 0 0 0 0 0 0 0 0 0 0 0 0 0 0 0 0 0 0 0 0 0 0 0 0 0 0 0 0 0 0 0 0 0 0 
Parameter D0{K+,K-}_Im 2 0 0 0 0 0 0 0 0 0 0 0 0 0 0 0 0 0 0 0 0 0 0 0 0 0 0 0 0 0 0 0 0 0 0 0 0 0 0 0 0 0 0 0 0 0 0 0 0 0 0 0 0 0 0 0 0 0 0 0 0 0 0 0 0 0 0 0 0 0 0 0 0 0 0 0 0 0 0 0 0 0 0 0 0 0 0 0 0 0 0 0 0 0 0 0 0 0 0 0 0 0 0 0 0 0 0 0 0 0 0 0 0 0 0 0 0 0 0 0 0 0 0 0 0 0 0 0 0 0 0 0 0 0 0 0 0 0 0 0 0 0 0 0 0 0 0 0 0 0 0 0 0 0 0 0 0 0 0 0 0 0 0 0 0 0 0 0 
Parameter D0{K-,pi+}_Re 2 1 0 0 0 0 0 0 0 0 0 0 0 0 0 0 0 0 0 0 0 0 0 0 0 0 0 0 0 0 0 0 0 0 0 0 0 0 0 0 0 0 0 0 0 0 0 0 0 0 0 0 0 0 0 0 0 0 0 0 0 0 0 0 0 0 0 0 0 0 0 0 0 0 0 0 0 0 0 0 0 0 0 0 0 0 0 0 0 0 0 0 0 0 0 0 0 0 0 0 0 0 0 0 0 0 0 0 0 0 0 0 0 0 0 0 0 0 0 0 0 0 0 0 0 0 0 0 0 0 0 0 0 0 0 0 0 0 0 0 0 0 0 0 0 0 0 0 0 0 0 0 0 0 0 0 0 0 0 0 0 0 0 0 0 0 0 0 
Parameter D0{K-,pi+}_Im 2 0 0 0 0 0 0 0 0 0 0 0 0 0 0 0 0 0 0 0 0 0 0 0 0 0 0 0 0 0 0 0 0 0 0 0 0 0 0 0 0 0 0 0 0 0 0 0 0 0 0 0 0 0 0 0 0 0 0 0 0 0 0 0 0 0 0 0 0 0 0 0 0 0 0 0 0 0 0 0 0 0 0 0 0 0 0 0 0 0 0 0 0 0 0 0 0 0 0 0 0 0 0 0 0 0 0 0 0 0 0 0 0 0 0 0 0 0 0 0 0 0 0 0 0 0 0 0 0 0 0 0 0 0 0 0 0 0 0 0 0 0 0 0 0 0 0 0 0 0 0 0 0 0 0 0 0 0 0 0 0 0 0 0 0 0 0 0 
Parameter D0{K0S0,PiPi00}_Re 2 1 0 0 0 0 0 0 0 0 0 0 0 0 0 0 0 0 0 0 0 0 0 0 0 0 0 0 0 0 0 0 0 0 0 0 0 0 0 0 0 0 0 0 0 0 0 0 0 0 0 0 0 0 0 0 0 0 0 0 0 0 0 0 0 0 0 0 0 0 0 0 0 0 0 0 0 0 0 0 0 0 0 0 0 0 0 0 0 0 0 0 0 0 0 0 0 0 0 0 0 0 0 0 0 0 0 0 0 0 0 0 0 0 0 0 0 0 0 0 0 0 0 0 0 0 0 0 0 0 0 0 0 0 0 0 0 0 0 0 0 0 0 0 0 0 0 0 0 0 0 0 0 0 0 0 0 0 0 0 0 0 0 0 0 0 0 0 
Parameter D0{K0S0,PiPi00}_Im 2 0 0 0 0 0 0 0 0 0 0 0 0 0 0 0 0 0 0 0 0 0 0 0 0 0 0 0 0 0 0 0 0 0 0 0 0 0 0 0 0 0 0 0 0 0 0 0 0 0 0 0 0 0 0 0 0 0 0 0 0 0 0 0 0 0 0 0 0 0 0 0 0 0 0 0 0 0 0 0 0 0 0 0 0 0 0 0 0 0 0 0 0 0 0 0 0 0 0 0 0 0 0 0 0 0 0 0 0 0 0 0 0 0 0 0 0 0 0 0 0 0 0 0 0 0 0 0 0 0 0 0 0 0 0 0 0 0 0 0 0 0 0 0 0 0 0 0 0 0 0 0 0 0 0 0 0 0 0 0 0 0 0 0 0 0 0 0 
Parameter D0{K0S0,f(2)(1270)0{pi+,pi-}}_Re 0 -1.26211 0.52397 0 0.15953 0.024987 -0.0120903 -0.00289531 -0.0239478 -0.0147042 -0.0527307 0.0156601 -0.0451254 0.0631378 -0.0354748 0.0345995 -0.064174 0.115363 0.00807443 0.0218936 -0.00784006 0.00897703 0 0 0 0 0 0 0.274545 0.0779424 -0.00430399 -0.000996245 0 0 0.00941715 -0.126737 0 0 0 0 0 2.48256e-14 -1.68541e-14 -1.06273e-14 4.08622e-14 6.25963e-14 -2.7328e-14 2.65798e-14 -7.09748e-14 2.92466e-14 8.09938e-14 6.25362e-14 -4.4659e-14 2.61237e-14 -3.6115e-15 -5.33923e-14 6.92438e-14 1.44845e-14 -4.97799e-15 0 0 0 0 0 0 1.17506e-14 1.42169e-15 -4.47712e-14 4.16255e-14 0 0 2.52785e-14 8.12275e-15 0 0 0 0 0 0 0 0 0 0 0 0 0 0 0 0 0 0 0 0 0 0 0 0 0 0 0 0 0 0 0 0 0 0 0 0 0 0 0 0 0 0 0 0 0 0 0 0 0 0 -0.0160341 0.0513358 0.128728 0.215876 -0.822205 1.08574 -0.516826 -0.723801 0.0265384 0.0181717 -0.212049 -0.352525 1.95297 -1.29009 0.0412783 0.0845494 0 0 0 0 0 0 0 0 0 0 0 0 0 0 0 0 0 0 0 0 0 0 0 0 0 0 0 0 0 
Parameter D0{K0S0,f(2)(1270)0{pi+,pi-}}_Im 0 -0.0911772 0.542016 0 0.0476715 0.043494 -0.0195267 0.00600471 0.00272647 -0.0441476 -0.00078087 0.0479584 -0.0040121 0.0158905 -0.0646904 0.0331234 0.0207636 0.0151508 -0.0138133 0.00224712 -0.00638708 -0.00166656 0 0 0 0 0 0 0.0779424 0.293782 -0.00356121 0.00292434 0 0 0.0602381 -0.036763 0 0 0 0 0 2.3943e-14 8.74696e-15 1.47366e-14 1.2437e-14 2.93564e-14 2.36839e-15 1.51771e-14 -6.43652e-14 1.67681e-14 7.72986e-14 6.56644e-14 -2.52488e-14 1.09201e-14 -1.85585e-14 -8.19967e-15 2.68178e-14 1.3325e-15 -3.09578e-14 0 0 0 0 0 0 2.01919e-14 2.34545e-14 -4.18639e-14 1.02321e-14 0 0 -8.60691e-15 8.862e-15 0 0 0 0 0 0 0 0 0 0 0 0 0 0 0 0 0 0 0 0 0 0 0 0 0 0 0 0 0 0 0 0 0 0 0 0 0 0 0 0 0 0 0 0 0 0 0 0 0 0 0.0155234 0.0231451 -0.0083023 0.2138 -0.616421 0.293294 0.0562665 -0.647901 0.0277329 0.0115711 -0.204929 -0.265626 1.01758 0.0917567 0.0178823 0.0134334 0 0 0 0 0 0 0 0 0 0 0 0 0 0 0 0 0 0 0 0 0 0 0 0 0 0 0 0 0 
Parameter D0{K0S0,omega(782)0{pi+,pi-}}_Re 0 -0.0269672 0.192001 0 -0.0228754 0.00641706 -0.00134351 0.00114136 -0.00711869 0.00758757 -0.00278655 0.00499491 -0.00334313 0.00541545 0.00464745 -0.000533317 0.0206616 0.0145161 0.000590695 -5.21488e-05 -0.000465194 -0.000256371 0 0 0 0 0 0 -0.00430399 -0.00356121 0.0368643 0.00194683 0 0 -0.0173866 -0.0205728 0 0 0 0 0 -2.02559e-15 -9.52106e-16 -1.32703e-15 -1.14889e-15 -7.9941e-15 -1.16693e-15 -1.39099e-16 9.90334e-15 1.12372e-15 -6.97245e-15 -5.85042e-15 5.18025e-15 -1.43709e-15 1.03758e-15 2.88077e-15 -6.24623e-15 -1.32721e-15 2.15219e-15 0 0 0 0 0 0 -5.3463e-16 -9.49335e-16 2.41643e-15 -3.09756e-15 0 0 3.16928e-16 -2.88354e-15 0 0 0 0 0 0 0 0 0 0 0 0 0 0 0 0 0 0 0 0 0 0 0 0 0 0 0 0 0 0 0 0 0 0 0 0 0 0 0 0 0 0 0 0 0 0 0 0 0 0 -0.00437611 -0.00989979 -0.00471763 -0.0387653 0.0648851 -0.124694 0.0857919 0.0526465 -0.00327952 -0.00268111 0.0175867 0.0485465 -0.12797 0.231657 -0.015245 -0.0128891 0 0 0 0 0 0 0 0 0 0 0 0 0 0 0 0 0 0 0 0 0 0 0 0 0 0 0 0 0 
Parameter D0{K0S0,omega(782)0{pi+,pi-}}_Im 0 -0.352659 0.198936 0 0.00294469 -0.00788377 -0.000427547 0.000601475 0.00090994 -0.00463645 0.0018063 -0.00114308 0.010501 0.000980877 -0.00635599 0.00335128 0.000809752 -0.00657116 0.0004426 0.000396574 0.000246652 1.60342e-05 0 0 0 0 0 0 -0.000996245 0.00292434 0.00194683 0.0395755 0 0 0.0130191 -0.00200785 0 0 0 0 0 -1.37013e-15 5.85413e-16 2.85023e-16 -1.14419e-15 -3.23327e-15 1.71642e-15 5.68541e-16 -6.05167e-16 -8.98302e-16 -1.75566e-15 -6.79414e-16 9.73803e-16 -1.72575e-15 -7.92914e-16 6.64279e-16 -5.66618e-16 -4.7732e-16 -1.50441e-16 0 0 0 0 0 0 4.79174e-16 9.11101e-16 1.07749e-15 -8.45672e-16 0 0 3.47382e-17 9.65417e-16 0 0 0 0 0 0 0 0 0 0 0 0 0 0 0 0 0 0 0 0 0 0 0 0 0 0 0 0 0 0 0 0 0 0 0 0 0 0 0 0 0 0 0 0 0 0 0 0 0 0 0.00114902 0.00108135 -0.0022282 0.00757244 0.0317929 0.00967698 -0.00871934 0.0233658 -0.000779412 -0.000317702 0.00655475 0.00316889 -0.057004 0.0148666 0.00644412 0.00299528 0 0 0 0 0 0 0 0 0 0 0 0 0 0 0 0 0 0 0 0 0 0 0 0 0 0 0 0 0 
Parameter D0{K0S0,pi0}_Re 2 1 0 0 0 0 0 0 0 0 0 0 0 0 0 0 0 0 0 0 0 0 0 0 0 0 0 0 0 0 0 0 0 0 0 0 0 0 0 0 0 0 0 0 0 0 0 0 0 0 0 0 0 0 0 0 0 0 0 0 0 0 0 0 0 0 0 0 0 0 0 0 0 0 0 0 0 0 0 0 0 0 0 0 0 0 0 0 0 0 0 0 0 0 0 0 0 0 0 0 0 0 0 0 0 0 0 0 0 0 0 0 0 0 0 0 0 0 0 0 0 0 0 0 0 0 0 0 0 0 0 0 0 0 0 0 0 0 0 0 0 0 0 0 0 0 0 0 0 0 0 0 0 0 0 0 0 0 0 0 0 0 0 0 0 0 0 0 
Parameter D0{K0S0,pi0}_Im 2 0 0 0 0 0 0 0 0 0 0 0 0 0 0 0 0 0 0 0 0 0 0 0 0 0 0 0 0 0 0 0 0 0 0 0 0 0 0 0 0 0 0 0 0 0 0 0 0 0 0 0 0 0 0 0 0 0 0 0 0 0 0 0 0 0 0 0 0 0 0 0 0 0 0 0 0 0 0 0 0 0 0 0 0 0 0 0 0 0 0 0 0 0 0 0 0 0 0 0 0 0 0 0 0 0 0 0 0 0 0 0 0 0 0 0 0 0 0 0 0 0 0 0 0 0 0 0 0 0 0 0 0 0 0 0 0 0 0 0 0 0 0 0 0 0 0 0 0 0 0 0 0 0 0 0 0 0 0 0 0 0 0 0 0 0 0 0 
Parameter D0{K0S0,rho(1450)0{pi+,pi-}}_Re 0 5.79292 0.874818 0 -0.171394 0.406837 -0.0112267 0.0369811 0.231871 -0.117175 0.0936118 -0.0156825 0.324127 -0.388389 0.310415 0.086937 -0.759776 -1.10636 -0.0136368 -0.0281519 -0.00715009 -0.0150066 0 0 0 0 0 0 0.00941715 0.0602381 -0.0173866 0.0130191 0 0 0.765307 0.633428 0 0 0 0 0 1.08278e-14 -2.71519e-14 2.75781e-14 -1.34803e-14 5.67919e-14 5.75448e-15 -4.19588e-14 -5.07466e-16 4.48395e-14 2.23651e-14 -5.69193e-15 -2.40008e-14 -3.56446e-14 -4.15849e-14 2.41637e-14 3.99946e-14 -1.15821e-14 3.4963e-15 0 0 0 0 0 0 1.81123e-14 -1.63292e-14 7.74425e-15 3.29959e-15 0 0 4.25236e-15 2.99324e-14 0 0 0 0 0 0 0 0 0 0 0 0 0 0 0 0 0 0 0 0 0 0 0 0 0 0 0 0 0 0 0 0 0 0 0 0 0 0 0 0 0 0 0 0 0 0 0 0 0 0 -0.00735033 -0.103677 0.111093 -0.2472 -0.881043 -0.992094 0.859189 -0.112034 0.0209316 -0.00986506 -0.248794 -0.227911 0.857758 1.59894 -0.19147 -0.0592732 0 0 0 0 0 0 0 0 0 0 0 0 0 0 0 0 0 0 0 0 0 0 0 0 0 0 0 0 0 
Parameter D0{K0S0,rho(1450)0{pi+,pi-}}_Im 0 7.16734 1.38853 0 -0.531232 0.649691 -0.0264149 0.0275779 0.32171 -0.178527 0.0226226 0.0854072 0.345808 -0.307287 0.526578 0.300949 -0.208194 -2.17707 0.00798878 -0.045872 -0.0180278 -0.0089538 0 0 0 0 0 0 -0.126737 -0.036763 -0.0205728 -0.00200785 0 0 0.633428 1.928 0 0 0 0 0 -2.38971e-14 -2.57591e-15 1.83375e-14 -5.84879e-14 -9.59866e-14 1.48073e-14 -5.14309e-14 1.49475e-13 3.90983e-14 -8.34024e-14 -8.35748e-14 6.58919e-14 -5.099e-14 -3.26714e-14 1.22701e-13 -8.29689e-14 -2.11842e-14 2.80798e-14 0 0 0 0 0 0 -2.18181e-15 -2.30291e-14 5.36621e-14 -4.90162e-14 0 0 -1.87814e-14 -3.92894e-14 0 0 0 0 0 0 0 0 0 0 0 0 0 0 0 0 0 0 0 0 0 0 0 0 0 0 0 0 0 0 0 0 0 0 0 0 0 0 0 0 0 0 0 0 0 0 0 0 0 0 -0.0163093 -0.24646 0.0969939 -0.832397 0.139757 -3.50175 2.03658 1.08839 -0.0198306 -0.0496579 0.035447 0.313351 -1.87129 4.86559 -0.410864 -0.209787 0 0 0 0 0 0 0 0 0 0 0 0 0 0 0 0 0 0 0 0 0 0 0 0 0 0 0 0 0 
Parameter D0{K0S0,rho(770)0{pi+,pi-}}_Re 2 1 0 0 0 0 0 0 0 0 0 0 0 0 0 0 0 0 0 0 0 0 0 0 0 0 0 0 0 0 0 0 0 0 0 0 0 0 0 0 0 0 0 0 0 0 0 0 0 0 0 0 0 0 0 0 0 0 0 0 0 0 0 0 0 0 0 0 0 0 0 0 0 0 0 0 0 0 0 0 0 0 0 0 0 0 0 0 0 0 0 0 0 0 0 0 0 0 0 0 0 0 0 0 0 0 0 0 0 0 0 0 0 0 0 0 0 0 0 0 0 0 0 0 0 0 0 0 0 0 0 0 0 0 0 0 0 0 0 0 0 0 0 0 0 0 0 0 0 0 0 0 0 0 0 0 0 0 0 0 0 0 0 0 0 0 0 0 
Parameter D0{K0S0,rho(770)0{pi+,pi-}}_Im 2 0 0 0 0 0 0 0 0 0 0 0 0 0 0 0 0 0 0 0 0 0 0 0 0 0 0 0 0 0 0 0 0 0 0 0 0 0 0 0 0 0 0 0 0 0 0 0 0 0 0 0 0 0 0 0 0 0 0 0 0 0 0 0 0 0 0 0 0 0 0 0 0 0 0 0 0 0 0 0 0 0 0 0 0 0 0 0 0 0 0 0 0 0 0 0 0 0 0 0 0 0 0 0 0 0 0 0 0 0 0 0 0 0 0 0 0 0 0 0 0 0 0 0 0 0 0 0 0 0 0 0 0 0 0 0 0 0 0 0 0 0 0 0 0 0 0 0 0 0 0 0 0 0 0 0 0 0 0 0 0 0 0 0 0 0 0 0 
Parameter D0{pi+,pi-}_Re 2 1 0 0 0 0 0 0 0 0 0 0 0 0 0 0 0 0 0 0 0 0 0 0 0 0 0 0 0 0 0 0 0 0 0 0 0 0 0 0 0 0 0 0 0 0 0 0 0 0 0 0 0 0 0 0 0 0 0 0 0 0 0 0 0 0 0 0 0 0 0 0 0 0 0 0 0 0 0 0 0 0 0 0 0 0 0 0 0 0 0 0 0 0 0 0 0 0 0 0 0 0 0 0 0 0 0 0 0 0 0 0 0 0 0 0 0 0 0 0 0 0 0 0 0 0 0 0 0 0 0 0 0 0 0 0 0 0 0 0 0 0 0 0 0 0 0 0 0 0 0 0 0 0 0 0 0 0 0 0 0 0 0 0 0 0 0 0 
Parameter D0{pi+,pi-}_Im 2 0 0 0 0 0 0 0 0 0 0 0 0 0 0 0 0 0 0 0 0 0 0 0 0 0 0 0 0 0 0 0 0 0 0 0 0 0 0 0 0 0 0 0 0 0 0 0 0 0 0 0 0 0 0 0 0 0 0 0 0 0 0 0 0 0 0 0 0 0 0 0 0 0 0 0 0 0 0 0 0 0 0 0 0 0 0 0 0 0 0 0 0 0 0 0 0 0 0 0 0 0 0 0 0 0 0 0 0 0 0 0 0 0 0 0 0 0 0 0 0 0 0 0 0 0 0 0 0 0 0 0 0 0 0 0 0 0 0 0 0 0 0 0 0 0 0 0 0 0 0 0 0 0 0 0 0 0 0 0 0 0 0 0 0 0 0 0 
Parameter Dbar0_radius 2 5 0 0 0 0 0 0 0 0 0 0 0 0 0 0 0 0 0 0 0 0 0 0 0 0 0 0 0 0 0 0 0 0 0 0 0 0 0 0 0 0 0 0 0 0 0 0 0 0 0 0 0 0 0 0 0 0 0 0 0 0 0 0 0 0 0 0 0 0 0 0 0 0 0 0 0 0 0 0 0 0 0 0 0 0 0 0 0 0 0 0 0 0 0 0 0 0 0 0 0 0 0 0 0 0 0 0 0 0 0 0 0 0 0 0 0 0 0 0 0 0 0 0 0 0 0 0 0 0 0 0 0 0 0 0 0 0 0 0 0 0 0 0 0 0 0 0 0 0 0 0 0 0 0 0 0 0 0 0 0 0 0 0 0 0 0 0 
Parameter Dbar0{K(0)*(1430)+[GLASS]{K0S0,pi+},pi-}_Re 0 0.0255989 1.41421 0 5.35409e-14 1.88208e-14 -1.12691e-15 4.54804e-15 8.28454e-15 -3.65668e-15 1.06041e-14 5.0439e-15 -2.19687e-14 4.99031e-15 6.25201e-16 -2.12168e-14 -4.64232e-14 2.98109e-14 -1.87359e-15 -1.63832e-16 -1.55168e-15 2.81528e-16 0 0 0 0 0 0 2.48256e-14 2.3943e-14 -2.02559e-15 -1.37013e-15 0 0 1.08278e-14 -2.38971e-14 0 0 0 0 0 2 -3.97351e-27 3.96681e-27 1.14372e-26 3.59598e-26 -4.96911e-27 3.64753e-27 -3.33873e-26 6.93412e-27 3.12871e-26 2.57964e-26 -2.00267e-26 7.26577e-27 -5.89332e-27 -1.74664e-26 2.63364e-26 2.82402e-27 -6.79199e-27 0 0 0 0 0 0 6.39291e-27 1.94035e-28 -1.72926e-26 1.39624e-26 0 0 9.9736e-28 8.8469e-27 0 0 0 0 0 0 0 0 0 0 0 0 0 0 0 0 0 0 0 0 0 0 0 0 0 0 0 0 0 0 0 0 0 0 0 0 0 0 0 0 0 0 0 0 0 0 0 0 0 0 3.47938e-15 1.93522e-14 1.93882e-14 1.02963e-13 -3.44394e-13 4.14264e-13 -1.15803e-13 -3.25865e-13 1.29127e-14 6.48075e-15 -9.91373e-14 -1.47974e-13 7.83415e-13 -5.23168e-13 2.01713e-14 3.16305e-14 0 0 0 0 0 0 0 0 0 0 0 0 0 0 0 0 0 0 0 0 0 0 0 0 0 0 0 0 0 
Parameter Dbar0{K(0)*(1430)+[GLASS]{K0S0,pi+},pi-}_Im 0 -0.194327 1.41421 0 2.82937e-14 -2.30865e-14 -1.80095e-14 -6.20097e-15 7.69927e-15 -2.06961e-14 -7.50969e-15 4.89704e-14 -2.27233e-14 2.7565e-14 9.85152e-14 -1.77286e-14 -1.29208e-13 -8.41771e-14 -2.73312e-15 1.19243e-15 4.90394e-15 8.02205e-16 0 0 0 0 0 0 -1.68541e-14 8.74696e-15 -9.52106e-16 5.85413e-16 0 0 -2.71519e-14 -2.57591e-15 0 0 0 0 0 -3.97351e-27 2 1.18635e-26 -2.25101e-27 -1.60676e-26 2.92166e-26 1.36183e-26 -3.71338e-26 -2.36225e-26 2.82621e-26 4.04698e-26 -1.4793e-26 1.5065e-26 -4.93858e-27 1.56783e-26 -1.76245e-26 -3.70069e-27 -2.58104e-26 0 0 0 0 0 0 2.90155e-27 2.20662e-26 -2.07446e-26 -9.40792e-27 0 0 -4.68584e-26 -1.73011e-27 0 0 0 0 0 0 0 0 0 0 0 0 0 0 0 0 0 0 0 0 0 0 0 0 0 0 0 0 0 0 0 0 0 0 0 0 0 0 0 0 0 0 0 0 0 0 0 0 0 0 2.83702e-14 2.85051e-14 -4.72288e-14 7.28581e-14 -1.34477e-13 3.88338e-14 -1.62924e-14 2.62025e-14 1.25381e-14 5.05168e-15 -8.01388e-14 -1.61524e-13 -1.62406e-14 -1.18374e-13 4.05542e-14 2.22971e-14 0 0 0 0 0 0 0 0 0 0 0 0 0 0 0 0 0 0 0 0 0 0 0 0 0 0 0 0 0 
Parameter Dbar0{K(0)*(1430)bar-[GLASS]{K0S0,pi-},pi+}_Re 0 0.0095653 1.41421 0 1.60066e-14 1.23586e-14 -3.09577e-15 2.26227e-15 2.57934e-15 -2.64968e-15 9.82103e-15 1.25978e-14 2.454e-14 -2.13581e-14 5.44933e-14 -1.24211e-14 -1.15175e-13 -8.5864e-14 -2.00929e-15 -1.72584e-15 1.97889e-15 -2.20876e-16 0 0 0 0 0 0 -1.06273e-14 1.47366e-14 -1.32703e-15 2.85023e-16 0 0 2.75781e-14 1.83375e-14 0 0 0 0 0 3.96681e-27 1.18635e-26 2 2.1874e-27 1.33476e-26 1.43572e-26 2.98997e-27 -3.16992e-26 -5.19323e-27 2.60837e-26 2.62952e-26 -1.81603e-26 4.99361e-27 -9.68453e-27 1.18303e-28 9.21048e-27 -3.25143e-27 -1.53235e-26 0 0 0 0 0 0 6.60734e-27 9.62766e-27 -1.5124e-26 2.34976e-27 0 0 -2.1845e-26 1.00927e-26 0 0 0 0 0 0 0 0 0 0 0 0 0 0 0 0 0 0 0 0 0 0 0 0 0 0 0 0 0 0 0 0 0 0 0 0 0 0 0 0 0 0 0 0 0 0 0 0 0 0 1.49283e-14 1.36088e-14 -2.84137e-14 6.80811e-14 -2.29921e-13 1.33524e-13 8.01837e-14 -1.72443e-13 1.19197e-14 3.72969e-15 -9.58826e-14 -1.18247e-13 4.24913e-13 2.92272e-14 1.65566e-14 9.21496e-15 0 0 0 0 0 0 0 0 0 0 0 0 0 0 0 0 0 0 0 0 0 0 0 0 0 0 0 0 0 
Parameter Dbar0{K(0)*(1430)bar-[GLASS]{K0S0,pi-},pi+}_Im 0 0.00601207 1.41421 0 6.97823e-14 2.6584e-14 -8.57534e-16 -4.04559e-15 5.56933e-15 1.54893e-15 -1.22177e-14 -3.41878e-15 -5.0243e-14 3.75971e-14 -4.85985e-15 -2.62757e-14 -3.01221e-14 4.91831e-14 1.15817e-15 1.01921e-15 -1.89975e-15 1.61736e-15 0 0 0 0 0 0 4.08622e-14 1.2437e-14 -1.14889e-15 -1.14419e-15 0 0 -1.34803e-14 -5.84879e-14 0 0 0 0 0 1.14372e-26 -2.25101e-27 2.1874e-27 2 4.03701e-26 -6.80965e-27 7.88091e-27 -4.20237e-26 7.55477e-27 3.71383e-26 3.15436e-26 -2.59255e-26 1.29571e-26 -4.34187e-27 -2.56134e-26 3.16707e-26 3.68658e-27 -7.17969e-27 0 0 0 0 0 0 7.62653e-27 -8.30643e-29 -2.42401e-26 2.0452e-26 0 0 -1.46978e-27 9.38392e-27 0 0 0 0 0 0 0 0 0 0 0 0 0 0 0 0 0 0 0 0 0 0 0 0 0 0 0 0 0 0 0 0 0 0 0 0 0 0 0 0 0 0 0 0 0 0 0 0 0 0 2.96083e-15 2.06314e-14 1.94693e-14 1.1234e-13 -4.38166e-13 5.73017e-13 -1.51491e-13 -3.87266e-13 1.61968e-14 7.21745e-15 -1.23802e-13 -1.85658e-13 9.74706e-13 -6.5017e-13 1.96872e-14 4.2721e-14 0 0 0 0 0 0 0 0 0 0 0 0 0 0 0 0 0 0 0 0 0 0 0 0 0 0 0 0 0 
Parameter Dbar0{K(2)*(1430)+{K0S0,pi+},pi-}_Re 0 -42.9997 1.41421 0 2.00391e-13 5.0598e-14 7.43134e-15 8.18627e-15 3.38731e-14 -1.24461e-14 2.36483e-14 -2.46972e-14 -4.57027e-14 -1.6729e-14 -6.96196e-15 -9.0846e-14 -2.09122e-13 9.13019e-14 -2.06331e-15 -1.10266e-15 -3.79229e-15 1.95589e-15 0 0 0 0 0 0 6.25963e-14 2.93564e-14 -7.9941e-15 -3.23327e-15 0 0 5.67919e-14 -9.59866e-14 0 0 0 0 0 3.59598e-26 -1.60676e-26 1.33476e-26 4.03701e-26 2 -1.34942e-26 6.78502e-27 -1.1587e-25 1.84586e-26 9.55768e-26 7.6723e-26 -7.25029e-26 2.19304e-26 -1.96005e-26 -6.59902e-26 9.55681e-26 8.69941e-27 -1.93046e-26 0 0 0 0 0 0 1.97912e-26 -4.50495e-27 -5.17576e-26 5.17361e-26 0 0 2.64542e-27 3.85083e-26 0 0 0 0 0 0 0 0 0 0 0 0 0 0 0 0 0 0 0 0 0 0 0 0 0 0 0 0 0 0 0 0 0 0 0 0 0 0 0 0 0 0 0 0 0 0 0 0 0 0 1.70403e-14 6.65385e-14 5.1534e-14 3.51804e-13 -1.14118e-12 1.57182e-12 -4.7665e-13 -1.05878e-12 4.32604e-14 2.1993e-14 -3.21774e-13 -5.09893e-13 2.58833e-12 -1.99982e-12 8.06781e-14 1.19179e-13 0 0 0 0 0 0 0 0 0 0 0 0 0 0 0 0 0 0 0 0 0 0 0 0 0 0 0 0 0 
Parameter Dbar0{K(2)*(1430)+{K0S0,pi+},pi-}_Im 0 0.104979 1.41421 0 8.73184e-15 -3.32596e-14 -9.55357e-15 -2.61566e-15 -9.09956e-15 -7.89461e-15 -1.11353e-16 2.66341e-14 3.62978e-14 -2.15772e-14 7.84042e-14 -8.39062e-15 -1.38822e-13 -1.00222e-13 -1.88048e-15 9.10172e-16 5.22156e-15 -4.68492e-17 0 0 0 0 0 0 -2.7328e-14 2.36839e-15 -1.16693e-15 1.71642e-15 0 0 5.75448e-15 1.48073e-14 0 0 0 0 0 -4.96911e-27 2.92166e-26 1.43572e-26 -6.80965e-27 -1.34942e-26 2 6.40885e-27 -2.61037e-26 -1.9617e-26 1.65786e-26 2.53216e-26 -1.09752e-26 5.33939e-27 -6.72609e-27 1.4723e-26 -1.27195e-26 -5.32199e-27 -2.02792e-26 0 0 0 0 0 0 2.99093e-27 1.82852e-26 -1.07346e-26 -1.04189e-26 0 0 -3.63987e-26 4.78556e-27 0 0 0 0 0 0 0 0 0 0 0 0 0 0 0 0 0 0 0 0 0 0 0 0 0 0 0 0 0 0 0 0 0 0 0 0 0 0 0 0 0 0 0 0 0 0 0 0 0 0 2.30051e-14 2.00399e-14 -5.22381e-14 5.41586e-14 -2.47427e-14 -4.60225e-14 6.19354e-14 4.7981e-14 7.36248e-15 2.8348e-15 -4.97479e-14 -8.47768e-14 -8.70928e-14 1.44574e-13 3.41323e-14 4.72934e-15 0 0 0 0 0 0 0 0 0 0 0 0 0 0 0 0 0 0 0 0 0 0 0 0 0 0 0 0 0 
Parameter Dbar0{K(2)*(1430)bar-{K0S0,pi-},pi+}_Re 0 0.0133101 1.41421 0 5.52916e-14 -3.02623e-14 -8.80441e-15 -4.80333e-15 -1.29861e-14 -5.88527e-15 -1.48636e-14 1.94243e-14 -3.96843e-14 4.92006e-14 6.22254e-15 -1.02378e-14 -1.70952e-14 9.23075e-14 2.51238e-16 4.94995e-15 8.03918e-16 3.47415e-15 0 0 0 0 0 0 2.65798e-14 1.51771e-14 -1.39099e-16 5.68541e-16 0 0 -4.19588e-14 -5.14309e-14 0 0 0 0 0 3.64753e-27 1.36183e-26 2.98997e-27 7.88091e-27 6.78502e-27 6.40885e-27 2 -3.13985e-26 -5.96688e-27 2.66028e-26 2.96129e-26 -1.42885e-26 1.25175e-26 -1.75659e-27 -7.14163e-27 6.58605e-27 1.37941e-27 -1.20132e-26 0 0 0 0 0 0 3.45651e-27 9.90563e-27 -1.82647e-26 4.92323e-27 0 0 -1.44035e-26 1.20008e-27 0 0 0 0 0 0 0 0 0 0 0 0 0 0 0 0 0 0 0 0 0 0 0 0 0 0 0 0 0 0 0 0 0 0 0 0 0 0 0 0 0 0 0 0 0 0 0 0 0 0 9.35025e-15 2.82901e-14 -5.30224e-15 9.66847e-14 -1.62171e-13 3.29698e-13 -1.28173e-13 -1.58532e-13 9.18905e-15 6.47789e-15 -6.49201e-14 -1.1676e-13 3.78592e-13 -3.9043e-13 4.06084e-14 2.70145e-14 0 0 0 0 0 0 0 0 0 0 0 0 0 0 0 0 0 0 0 0 0 0 0 0 0 0 0 0 0 
Parameter Dbar0{K(2)*(1430)bar-{K0S0,pi-},pi+}_Im 0 0.0170886 1.41421 0 -2.77932e-13 2.80339e-14 1.89045e-14 2.12735e-15 -1.34239e-14 3.29574e-14 5.42712e-17 -4.0211e-14 5.74815e-14 -2.38399e-14 -7.73154e-14 1.19066e-13 3.67253e-13 -9.75202e-14 4.51399e-15 -5.6058e-15 -2.08584e-15 -4.40652e-15 0 0 0 0 0 0 -7.09748e-14 -6.43652e-14 9.90334e-15 -6.05167e-16 0 0 -5.07466e-16 1.49475e-13 0 0 0 0 0 -3.33873e-26 -3.71338e-26 -3.16992e-26 -4.20237e-26 -1.1587e-25 -2.61037e-26 -3.13985e-26 2 1.13294e-26 -1.47365e-25 -1.42694e-25 9.9478e-26 -4.32493e-26 2.74412e-26 5.49819e-26 -8.45837e-26 -5.26647e-27 5.77211e-26 0 0 0 0 0 0 -2.81266e-26 -3.1052e-26 8.71704e-26 -4.38211e-26 0 0 5.45831e-26 -4.2662e-26 0 0 0 0 0 0 0 0 0 0 0 0 0 0 0 0 0 0 0 0 0 0 0 0 0 0 0 0 0 0 0 0 0 0 0 0 0 0 0 0 0 0 0 0 0 0 0 0 0 0 -5.35511e-14 -1.24203e-13 7.43807e-15 -5.35997e-13 1.34785e-12 -1.8733e-12 5.94092e-13 1.16159e-12 -6.22372e-14 -3.2796e-14 4.48902e-13 7.51424e-13 -2.88831e-12 2.33212e-12 -1.69698e-13 -1.60935e-13 0 0 0 0 0 0 0 0 0 0 0 0 0 0 0 0 0 0 0 0 0 0 0 0 0 0 0 0 0 
Parameter Dbar0{K*(1410)+{K0S0,pi+},pi-}_Re 0 -0.0339155 1.41421 0 -2.8246e-14 7.45719e-14 4.63123e-15 2.70969e-15 1.40152e-14 8.05458e-15 3.4605e-17 -1.43798e-14 5.67071e-16 -1.01275e-14 -2.10064e-14 1.39239e-14 4.8885e-14 -3.72e-14 2.42425e-17 -7.5442e-16 -4.98314e-15 -2.10154e-15 0 0 0 0 0 0 2.92466e-14 1.67681e-14 1.12372e-15 -8.98302e-16 0 0 4.48395e-14 3.90983e-14 0 0 0 0 0 6.93412e-27 -2.36225e-26 -5.19323e-27 7.55477e-27 1.84586e-26 -1.9617e-26 -5.96688e-27 1.13294e-26 2 1.5369e-28 -1.11424e-26 1.11285e-27 -5.17459e-27 -1.11995e-27 -1.13833e-26 1.70854e-26 1.83173e-27 1.05139e-26 0 0 0 0 0 0 3.15049e-27 -1.16378e-26 1.58148e-27 9.52151e-27 0 0 2.4258e-26 1.28318e-27 0 0 0 0 0 0 0 0 0 0 0 0 0 0 0 0 0 0 0 0 0 0 0 0 0 0 0 0 0 0 0 0 0 0 0 0 0 0 0 0 0 0 0 0 0 0 0 0 0 0 -1.94646e-14 -2.65957e-14 4.17891e-14 -4.9918e-14 -1.54846e-13 -4.64672e-14 1.29094e-13 -1.39903e-13 7.40188e-17 -3.14629e-15 -2.42778e-14 2.49168e-14 4.08928e-13 2.2725e-13 -5.11657e-14 -1.40528e-14 0 0 0 0 0 0 0 0 0 0 0 0 0 0 0 0 0 0 0 0 0 0 0 0 0 0 0 0 0 
Parameter Dbar0{K*(1410)+{K0S0,pi+},pi-}_Im 0 0.0613357 1.41421 0 1.97664e-13 3.20391e-14 -1.99562e-14 -5.02031e-16 1.36849e-14 -2.11076e-14 -8.63295e-16 5.00373e-14 -5.2334e-14 2.4829e-14 1.08576e-13 -7.77225e-14 -3.16377e-13 -1.00741e-14 -5.18048e-15 3.49019e-15 1.28701e-16 2.2002e-15 0 0 0 0 0 0 8.09938e-14 7.72986e-14 -6.97245e-15 -1.75566e-15 0 0 2.23651e-14 -8.34024e-14 0 0 0 0 0 3.12871e-26 2.82621e-26 2.60837e-26 3.71383e-26 9.55768e-26 1.65786e-26 2.66028e-26 -1.47365e-25 1.5369e-28 2 1.22131e-25 -8.29621e-26 3.70103e-26 -2.47157e-26 -4.34176e-26 7.15977e-26 3.95365e-27 -4.84112e-26 0 0 0 0 0 0 2.53957e-26 2.52728e-26 -7.65749e-26 3.67863e-26 0 0 -4.37652e-26 3.16008e-26 0 0 0 0 0 0 0 0 0 0 0 0 0 0 0 0 0 0 0 0 0 0 0 0 0 0 0 0 0 0 0 0 0 0 0 0 0 0 0 0 0 0 0 0 0 0 0 0 0 0 3.66927e-14 8.92458e-14 1.37374e-14 3.9951e-13 -1.24782e-12 1.36878e-12 -3.43751e-13 -1.02532e-12 5.42465e-14 2.56892e-14 -4.08255e-13 -6.30197e-13 2.60191e-12 -1.64306e-12 1.02009e-13 1.1763e-13 0 0 0 0 0 0 0 0 0 0 0 0 0 0 0 0 0 0 0 0 0 0 0 0 0 0 0 0 0 
